<?xml version='1.0' encoding='utf-8'?>
<!-- FreeCAD DocumentObject -->
<Document SchemaVersion="4" FileVersion="2">
<Object name="Solid025">
  <Properties Count="8" TransientCount="1">
    <_Property name="_ElementMapVersion" type="App::PropertyString" status="234881024"/>
    <Property name="ColoredElements" type="App::PropertyLinkSubHidden" status="218103808">
      <LinkSub value="" count="0">
      </LinkSub>
    </Property>
    <Property name="ExpressionEngine" type="App::PropertyExpressionEngine" status="67108864">
      <ExpressionEngine count="0"></ExpressionEngine>
    </Property>
    <Property name="Label" type="App::PropertyString" status="134217728">
      <String value="rapdio 实体模型"/>
    </Property>
    <Property name="Label2" type="App::PropertyString" status="128">
      <String value=""/>
    </Property>
    <Property name="Placement" type="App::PropertyPlacement" status="8388608">
      <PropertyPlacement Px="-67.16894177863" Py="-105.655640618593" Pz="63.84788390738599" Q0="-1.838477631085023e-15" Q1="1.697056274847713e-15" Q2="-0.7071067811865472" Q3="0.7071067811865478" A="1.570796326794896" Ox="-2.6e-15" Oy="2.4e-15" Oz="-1"/>
    </Property>
    <Property name="Shape" type="Part::PropertyPartShape">
      <Part ElementMap="0.15.70200.4" brep="1">
<![CDATA[

CASCADE Topology V1, (c) Matra-Datavision
Locations 1
1
4.44089209850063e-16               1 4.98201445947688e-15 -67.16894177863 
             -1 4.44089209850062e-16 1.31542702554443e-16 -105.655640618593 
1.31542702554441e-16 -4.98201445947688e-15               1 63.847883907386 
Curve2ds 44
1 5.7630771900852729 -4.5 -1 0 
1 3.6617007706841065 1 -1 0 
1 -5.7630771900852729 -1 1 0 
1 2.6214845364954797 -2.5 1 0 
1 3.0770172850083481 -3.4999999999999938 2.2204460492503131e-16 -1 
1 0.059516949511414854 4.4408920985006262e-15 4.163336342344337e-17 -1 
1 0.46989204671537704 2.6645352591003757e-15 0 -1 
1 2.6671480548255788 -3.5000000000000036 0 1 
1 4.7123889803846826 1.0000000000000204 -1 0 
1 7.8539816339744828 -4.500000000000032 -1 2.0355549961366429e-15 
1 -3.14159265358979 -2.5 1 0 
1 -3.1415926535897856 -1 1 0 
1 2.532939167334582 -3.5000000000000036 0 -1 
1 0.60865348625521098 2.6645352591003757e-15 0 -1 
1 1.0449857992537963 -5.3290705182007514e-15 -1.1102230246251625e-16 -1 
1 2.0966068543359975 -3.4999999999999947 2.2204460492503249e-16 1 
1 3.1415926535897931 4.7123889803846897 -1 0 
1 9.4247779607693793 4.7123889803846897 -1 0 
1 1.5707963267948983 4.7123889803846986 1 0 
1 0 7.8539816339743496 1 0 
1 3.1415926535897913 7.853981633974465 -1 1.4135798584282298e-15 
1 9.4247779607693776 7.853981633974465 -1 1.4135798584282298e-15 
1 6.2831853071795862 7.399999999999971 -1 0 
1 1.5707963267948966 6.2831853071795862 1 0 
1 6.2831853071795862 0 0 1 
1 0 0 0 1 
1 6.2831853071795862 -7.4000000000000004 -1 0 
1 0 6.2831853071795862 1 0 
1 2.6214845364954797 -7.4000000000000004 1 0 
1 3.6617007706841065 9.4247779607693776 -1 1.4135798584282295e-16 
1 2.6214845364954797 -7.4000000000000004 1 0 
1 9.9448860778636927 9.4247779607693776 -1 1.4135798584282295e-16 
1 10.77089323674784 0 0 1 
1 4.4877079295682538 0 0 1 
1 15.187855150854652 7.3999999999999702 -1 0 
1 -2.6214845364954797 3.1415926535897944 1 -2.8271597168564594e-16 
1 8.0786626847909186 0 0 1 
1 1.7954773776113324 0 0 1 
1 7.8539816339744846 0 0 1 
1 1.5707963267948983 0 0 1 
1 6.2831853071795862 6.2831853071795862 0 1 
1 0 6.2831853071795862 0 1 
1 6.2831853071795862 6.2831853071795862 0 1 
1 0 6.2831853071795862 0 1 
Curves 38
2 -3.7144531305657201e-13 -9.7302627397923402e-14 6.9450118369283 -3.93420350209695e-17 -3.1395593914845701e-15 1 0 -1 -3.1395593914845701e-15 1 -1.2351665553019964e-31 3.93420350209695e-17 5.5
1 -0.16266126543768 2.0637863333622901 6.9450118369283098 0.66817964660914753 0.74399997302236154 2.3621196496238185e-15 
2 -3.7138709536398501e-13 -9.7516904104184607e-14 6.9450118369283 3.93420350209695e-17 3.1395593914845701e-15 -1 0 -1 -3.1395593914845701e-15 -1 1.2351665553019964e-31 -3.93420350209695e-17 5.5999999999999996
1 0.035493392535523596 4.7859346837678896 6.9450118369283205 0.29114844152742497 0.95667788988569802 3.0150014259991598e-15 
1 0.0354933925355237 4.7859346837679002 4.9450118369283205 -0.29114844152742497 -0.95667788988569802 -3.0150014259991598e-15 
2 -3.71308411293943e-13 -9.12377853212154e-14 4.9450118369283 -3.93420350209695e-17 -3.1395593914845701e-15 1 0 1 3.1395593914845701e-15 -1 1.2351665553019964e-31 -3.93420350209695e-17 5.5999999999999996
1 2.0713762608328001 4.5513267242003996 4.9450118369283205 -0.66817964660914753 -0.74399997302236154 -2.3621196496238185e-15 
2 -3.7136662898652904e-13 -9.1023508614954196e-14 4.9450118369283 3.93420350209695e-17 3.1395593914845701e-15 -1 0 1 3.1395593914845701e-15 1 -1.2351665553019964e-31 3.93420350209695e-17 5.5
1 2.4196743925517299 4.9391472780255103 5.9450118369283098 -3.93420350209695e-17 -3.1395593914845701e-15 1 
1 2.4890753806711499 5.0164234021196901 5.9450118369283205 3.93420350209695e-17 3.1395593914845701e-15 -1 
1 0.28109182331711602 5.5929408531525597 5.9450118369283205 3.93420350209695e-17 3.1395593914845701e-15 -1 
1 0.25106207894721899 5.4942668148273901 5.9450118369283205 3.93420350209695e-17 3.1395593914845701e-15 -1 
1 -0.49078489638289802 5.5282574275698995 6.9450118369283205 -0.08842971105989722 0.99608241938198228 3.1237809096739609e-15 
2 -4.2973357791689902e-13 7.9039636650326504e-14 6.9450118369282503 -3.8589978114681902e-15 1.5448600538801e-14 -1 0.86776545336892696 -0.49697396102755798 -1.1026257187518791e-14 -0.49697396102755798 -0.86776545336892696 -1.1487940422506076e-14 5.5999999999998202
1 -2.7811447178465802 4.8028880955520101 6.9450118369283098 -0.50110715636877212 0.86538524244177117 2.6972137898650906e-15 
2 -3.8051464496759302e-13 -3.3109232238808501e-14 6.9450118369282503 3.9298767177681299e-15 -1.5672401286934499e-14 1 -0.86776545336892696 0.49697396102755798 1.1198986598059287e-14 -0.49697396102755798 -0.86776545336892696 -1.1646922009357265e-14 5.4999999999999396
2 -3.73038922773295e-13 -5.4055736714400403e-14 4.9450118369283 3.93420350209695e-17 3.1395593914845701e-15 -1 0.49697396102755798 0.86776545336892696 2.7439531457095364e-15 0.86776545336892696 -0.49697396102755798 -1.5261396078109286e-15 5.5
1 -2.7811447178465802 4.8028880955520101 4.9450118369283205 0.50110715636877212 -0.86538524244177117 -2.6972137898650906e-15 
2 -4.2992346307311503e-13 8.5722450170531609e-14 4.9450118369283 -3.93420350209695e-17 -3.1395593914845701e-15 1 -0.49697396102755798 -0.86776545336892696 -2.7439531457095364e-15 0.86776545336892696 -0.49697396102755798 -1.5261396078109286e-15 5.5999999999998202
1 -0.49078489638289802 5.5282574275698995 4.9450118369283205 0.08842971105989722 -0.99608241938198228 -3.1237809096739609e-15 
1 -0.48636341082990403 5.4784533066008105 5.9450118369283205 -3.93420350209695e-17 -3.1395593914845701e-15 1 
1 -0.49520638193589195 5.5780615485389999 5.9450118369283205 3.93420350209695e-17 3.1395593914845701e-15 -1 
1 -2.8062000756650201 4.8461573576740999 5.9450118369283098 3.93420350209695e-17 3.1395593914845701e-15 -1 
1 -2.7560893600281497 4.7596188334299203 5.9450118369283098 3.93420350209695e-17 3.1395593914845701e-15 -1 
2 -3.68767840234294e-13 -5.9739675782710297e-14 -5.0549881630716698 3.93420350209695e-17 3.1395593914845701e-15 -1 0.49697396102755798 0.86776545336892696 2.7439531457095364e-15 0.86776545336892696 -0.49697396102755798 -1.5261396078109286e-15 4.5999999999999996
2 -3.6495903442897196e-13 -7.0541986777706895e-14 -5.0549881630716698 -3.93420350209695e-17 -3.1395593914845701e-15 1 -0.49697396102755798 -0.86776545336892696 -2.7439531457095364e-15 0.86776545336892696 -0.49697396102755798 -1.5261396078109286e-15 5.4000000000000004
2 -3.73741140887917e-13 -1.1994053214739599e-13 9.9450118369283 -3.93420350209695e-17 -3.1395593914845701e-15 1 -0.49697396102755798 -0.86776545336892696 -2.7439531457095364e-15 0.86776545336892696 -0.49697396102755798 -1.5261396078109286e-15 4.5999999999999996
2 -3.6300723354626e-13 -1.17341969655933e-13 9.9450118369283 3.93420350209695e-17 3.1395593914845701e-15 -1 0.49697396102755798 0.86776545336892696 2.7439531457095364e-15 0.86776545336892696 -0.49697396102755798 -1.5261396078109286e-15 5.4000000000000004
2 -3.7273756909820098e-13 -7.2650479325247699e-14 -4.9549881630716701 -2.3612691057045699e-16 -3.2445148058501099e-15 1 -0.49697396102755798 -0.86776545336892696 -2.9328267875121163e-15 0.86776545336892696 -0.49697396102755798 -1.4075365990721107e-15 5.5
7 0 0  1 2 2  -2.7333567856519392 -4.7727099935292054 9.8450118369282862  -2.7333567856519383 -4.7727099935291593 -4.954988163071687 
 -7.4000000000000004 2 7.3999999999999719 2
2 -3.7331983121651097e-13 -1.19115958319219e-13 9.8450118369283004 -3.93420350209695e-17 -3.1395593914845701e-15 1 -0.49697396102755798 -0.86776545336892696 -2.7439531457095364e-15 0.86776545336892696 -0.49697396102755798 -1.5261396078109286e-15 5.5
2 -3.7237506286085997e-13 -1.05163778174381e-13 9.8450118369283004 3.93420350209695e-17 3.1395593914845701e-15 -1 0 1 3.1395593914845701e-15 1 -1.2351665553019964e-31 3.93420350209695e-17 4.5
7 0 0  1 2 2  4.3050505044852674 -1.3101679868735256 9.8450118369282968  4.3050505044852674 -1.310167986873479 -4.9549881630716737 
 -7.4000000000000004 2 7.3999999999999702 2
2 -3.69700387728545e-13 -5.9896635412439196e-14 -4.9549881630716701 -3.93420350209695e-17 -3.1395593914845701e-15 1 0 1 3.1395593914845701e-15 -1 1.2351665553019964e-31 -3.93420350209695e-17 4.5
7 1 0  6 7 2  4.3050505044852692 -1.3101679868734792 -4.9549881630716737  1.0313934717875108 4.3050505044852692 -1.3101679868734792 -4.9817218413869657  1.0100254076614368 4.3131826827648041 -1.3126428752944843 -5.0077590203298934  0.99792464272497461 4.3287838161484142 -1.3173908115839308 -5.0301801143919018  0.99395844413692469 4.3502335811045869 -1.3239186781774248 -5.0464877280083043  0.99792464272497527 4.3751427745142832 -1.3314993622484288 -5.0549881630716733  1.0100254076614361 4.4007182934738394 -1.3392828310262217 -5.0549881630716733  1.0313934717875108
 3.1415926535897922 7 4.7123889803846897 7
7 1 0  6 7 2  -2.6836593895491769 -4.6859334481922774 -5.0549881630716875  1.0313934717875128 -2.6969453315543643 -4.7091320106757655 -5.0549881630716875  1.0100254076614363 -2.7098851315076149 -4.7317261750656243 -5.0464877280083176  0.99792464272497949 -2.7210278314341827 -4.7511824259193709 -5.0301801143919151  0.99395844413691714 -2.7291322907680335 -4.7653336096425738 -5.0077590203299049  0.9979246427249806 -2.7333567856519334 -4.7727099935291717 -4.9817218413869773  1.0100254076614348 -2.7333567856519339 -4.7727099935291717 -4.9549881630716843  1.0313934717875128
 4.7123889803846986 7 6.2831853071795862 7
7 1 0  6 7 2  -2.2860802207271456 -3.991721085497181 9.9450118369282876  1.0313934717875175 -2.2727942787219573 -3.9685225230136907 9.9450118369282912  1.0100254076614439 -2.2598544787687054 -3.9459283586238296 9.9365114018649248  0.99792464272496428 -2.2487117788421362 -3.9264721077700813 9.9202037882485232  0.99395844413693468 -2.2406073195082836 -3.9123209240468748 9.8977826941865121  0.99792464272496695 -2.2363828246243833 -3.9049445401602765 9.8717455152435818  1.0100254076614414 -2.2363828246243833 -3.9049445401602765 9.845011836928288  1.0313934717875173
 1.5707963267947633 7 3.1415926535897918 7
7 1 0  6 7 2  -2.7333567856519436 -4.7727099935292134 9.8450118369282862  1.0313934717875106 -2.7333567856519436 -4.7727099935292134 9.8717455152435782  1.0100254076614408 -2.7291322907680438 -4.7653336096426164 9.8977826941865068  0.99792464272496684 -2.7210278314341925 -4.7511824259194126 9.9202037882485143  0.9939584441369349 -2.7098851315076251 -4.731726175065667 9.9365114018649194  0.99792464272496684 -2.6969453315543741 -4.7091320106758081 9.9450118369282876  1.0100254076614392 -2.6836593895491867 -4.68593344819232 9.9450118369282894  1.0313934717875106
 0 7 1.5707963267948832 7
Polygon3D 0
PolygonOnTriangulations 0
Surfaces 18
1 -1.0746316603103001 2.8828186966143798 6.9450118369283098 -3.93420350209695e-17 -3.1395593914845701e-15 1 0.49697396102755798 0.86776545336892696 2.7439531457095364e-15 -0.86776545336892696 0.49697396102755798 1.5261396078109286e-15 
10 0 6.2831853071795862 -7.4000000000000004 7.3999999999999719
2 -3.7126827389897702e-13 -8.3174610136242795e-14 2.4450118369283 3.93420350209695e-17 3.1395593914845701e-15 -1 -0.49697396102755798 -0.86776545336892696 -2.7439531457095364e-15 -0.86776545336892696 0.49697396102755798 1.5261396078109286e-15 5.5
1 1.9289331600820399 4.3927201823016802 4.1354118369283199 0.74399997302236154 -0.66817964660914753 -2.0481670467723887e-15 0.66817964660914753 0.74399997302236154 2.3661628212323586e-15 -5.7185610166793841e-17 -3.1289686086722657e-15 1 
2 -3.7134775332896398e-13 -9.4377344712700004e-14 5.9450118369283 -3.93420350209695e-17 -3.1395593914845701e-15 1 0.49697396102755798 0.86776545336892696 2.7439531457095364e-15 -0.86776545336892696 0.49697396102755798 1.5261396078109286e-15 5.5999999999999996
1 0.035493392535523596 4.7859346837678896 7.7546118369283104 -0.95667788988569802 0.29114844152742497 8.76440168865851e-16 0.29114844152742497 0.95667788988569802 3.0149494012476895e-15 3.9326888095660638e-17 3.1395096205551132e-15 -1 
1 0.62490972319176796 5.8503852389832902 4.9450118369283205 3.93420350209695e-17 3.1395593914845701e-15 -1 -0.49697396102755798 -0.86776545336892696 -2.7439531457095364e-15 -0.86776545336892696 0.49697396102755798 1.5261396078109286e-15 
1 -1.0746316603103001 2.8828186966143798 6.9450118369283098 -3.93420350209695e-17 -3.1395593914845701e-15 1 0.49697396102755798 0.86776545336892696 2.7439531457095364e-15 -0.86776545336892696 0.49697396102755798 1.5261396078109286e-15 
1 -0.41043110828968599 4.6231431318082699 4.1354118369283199 0.99608241938198105 0.088429711059912097 4.9898777394412798e-16 -0.088429711059912097 0.99608241938198105 2.9967348047499327e-15 -2.3203255620507741e-16 -3.0291201992338088e-15 1 
2 -3.7134775332896398e-13 -9.4377344712700004e-14 5.9450118369283 -3.93420350209695e-17 -3.1395593914845701e-15 1 0.49697396102755798 0.86776545336892696 2.7439531457095364e-15 -0.86776545336892696 0.49697396102755798 1.5261396078109286e-15 5.5999999999999996
1 -2.3335455054484497 4.0299082088849199 7.7546118369283104 -0.86538524244182102 -0.50110715636868597 -1.60730169543221e-15 -0.50110715636868597 0.86538524244182102 2.6974950051439406e-15 3.9201116032339e-17 3.1398027510366928e-15 -1 
1 0.62490972319176796 5.8503852389832902 4.9450118369283205 3.93420350209695e-17 3.1395593914845701e-15 -1 -0.49697396102755798 -0.86776545336892696 -2.7439531457095364e-15 -0.86776545336892696 0.49697396102755798 1.5261396078109286e-15 
1 11.4234708364288 3.1036883338133201 -5.05498816307166 3.93420350209695e-17 3.1395593914845701e-15 -1 -0.49697396102755798 -0.86776545336892696 -2.7439531457095364e-15 -0.86776545336892696 0.49697396102755798 1.5261396078109286e-15 
10 1.7954773776113324 8.0786626847909186 0.78539816339744739 7.0685834705770336
5 -3.69700387728545e-13 -5.9896635412439196e-14 -4.9549881630716701 -1.0776976975044301e-16 -2.88770348715005e-15 1 -0.49697396102755798 -0.86776545336892696 -2.5594080950737e-15 0.86776545336892696 -0.49697396102755798 -1.3415945571750942e-15 4.5999999999999996 0.10000000000000001
10 1.5707963267948983 7.8539816339744846 2.3561944901923493 8.6393797973719355
5 -3.7119438401770403e-13 -6.6037759020951093e-14 -4.9549881630716701 -9.7816644698883194e-17 -2.9243370732350699e-15 1 -0.86776545336892696 0.49697396102755798 1.368437473631215e-15 -0.49697396102755798 -0.86776545336892696 -2.5862510115298206e-15 5.4000000000000004 0.100000000000003
1 3.1036883338130101 -11.423470836429301 9.9450118369282592 -3.93420350209695e-17 -3.1395593914845701e-15 1 0.49697396102755798 0.86776545336892696 2.7439531457095364e-15 -0.86776545336892696 0.49697396102755798 1.5261396078109286e-15 
10 0 6.2831853071795862 5.4977871437820713 11.780972450961658
5 -3.7237506286085997e-13 -1.05163778174381e-13 9.8450118369283004 -3.93420350209695e-17 -3.1395593914845701e-15 1 -0.49697396102755798 -0.86776545336892696 -2.7439531457095364e-15 0.86776545336892696 -0.49697396102755798 -1.5261396078109286e-15 4.5999999999999996 0.10000000000000001
10 0 6.2831853071795862 3.926990816987237 10.210176124166823
5 -3.7177664613601398e-13 -1.12503238014923e-13 9.8450118369283004 -3.93420350209695e-17 -3.1395593914845701e-15 1 -0.49697396102755798 -0.86776545336892696 -2.7439531457095364e-15 0.86776545336892696 -0.49697396102755798 -1.5261396078109286e-15 5.4000000000000004 0.100000000000003
10 4.4877079295682538 10.77089323674784 -7.4000000000000004 7.3999999999999702
2 -3.7148255060523802e-13 -8.3232827828829702e-14 2.4450118369283 3.93420350209695e-17 3.1395593914845701e-15 -1 -0.49697396102755798 -0.86776545336892696 -2.7439531457095364e-15 -0.86776545336892696 0.49697396102755798 1.5261396078109286e-15 4.5
Triangulations 0

TShapes 110
Ve
1e-07
2.41967439255172 4.9391472780255 6.94501183692832
0 0

0101101
*
Ve
1e-07
0.251062078947219 5.49426681482739 6.94501183692832
0 0

0101101
*
Ed
 1e-07 1 1 0
1  1 0 2.68605990507693 3.09592913525969
2  1 2 0 2.68605990507693 3.09592913525969
4 C0 1 0 2 0
0

0101000
+110 0 -109 0 *
Ve
1e-07
2.48907538067116 5.01642340211969 6.94501183692832
0 0

0101101
*
Ed
 1e-07 1 1 0
1  2 0 3.86473259264054 3.96859835459786
4 C0 1 0 3 0
0

0101000
+110 0 -107 0 *
Ve
1e-07
0.281091823317116 5.59294085315257 6.94501183692832
0 0

0101101
*
Ed
 1e-07 1 1 0
1  3 0 3.19180872396873 3.60218382117269
2  2 4 0 3.19180872396873 3.60218382117269
4 C0 1 0 4 0
0

0101000
+105 0 -107 0 *
Ed
 1e-07 1 1 0
1  4 0 0.740408175571122 0.843550559615317
4 C0 1 0 5 0
0

0101000
+109 0 -105 0 *
Wi

0101100
-108 0 +106 0 -104 0 -103 0 *
Fa
0  1e-07 1 0

0101000
+102 0 *
Ve
1e-07
0.281091823317118 5.59294085315257 4.94501183692832
0 0

0101101
*
Ve
1e-07
0.25106207894722 5.4942668148274 4.94501183692832
0 0

0101101
*
Ed
 1e-07 1 1 0
1  5 0 -0.843550559615308 -0.740408175571121
4 C0 6 0 5 0
0

0101000
+100 0 -99 0 *
Ve
1e-07
2.48907538067116 5.0164234021197 4.94501183692832
0 0

0101101
*
Ed
 1e-07 1 1 0
1  6 0 5.82259413959669 6.23296923680065
2  3 4 0 5.82259413959669 6.23296923680065
4 C0 6 0 4 0
0

0101000
+97 0 -100 0 *
Ve
1e-07
2.41967439255173 4.93914727802551 4.94501183692832
0 0

0101101
*
Ed
 1e-07 1 1 0
1  7 0 -0.625129966107296 -0.52126420414998
4 C0 6 0 3 0
0

0101000
+97 0 -95 0 *
Ed
 1e-07 1 1 0
1  8 0 0.0456635183300989 0.455532748512869
2  4 2 0 0.0456635183300989 0.455532748512869
4 C0 6 0 2 0
0

0101000
+99 0 -95 0 *
Wi

0101100
-98 0 -96 0 +94 0 -93 0 *
Fa
0  1e-07 6 0

0101000
+92 0 *
Ed
 1e-07 1 1 0
1  9 0 -0.999999999999989 1.00000000000001
2  5 2 0 -0.999999999999989 1.00000000000001
4 C0 3 0 2 0
0

0101000
+95 0 -110 0 *
Ed
 1e-07 1 1 0
1  10 0 -1 1
2  6 4 0 -1 1
4 C0 3 0 4 0
0

0101000
+107 0 -97 0 *
Wi

0101100
-90 0 -94 0 -89 0 -106 0 *
Fa
0  1e-07 3 0

0101000
+88 0 *
Ed
 1e-07 1 1 0
1  11 0 -1 1
2  7 4 0 -1 1
4 C0 4 0 5 0
0

0101000
+105 0 -100 0 *
Wi

0101100
+104 0 +89 0 +96 0 -86 0 *
Fa
0  1e-07 4 0

0101000
+85 0 *
Ed
 1e-07 1 1 0
1  12 0 -1 1
2  8 2 0 -1 1
4 C0 5 0 2 0
0

0101000
+109 0 -99 0 *
Wi

0101100
+103 0 +86 0 +98 0 -83 0 *
Fa
0  1e-07 5 0

0101000
+82 0 *
Ve
1e-07
-0.486363410829904 5.4784533066008 6.94501183692832
0 0

0101101
*
Ve
1e-07
-0.495206381935892 5.57806154853899 6.94501183692832
0 0

0101101
*
Ed
 1e-07 1 1 0
1  13 0 -0.0500000000000004 0.0499999999999915
4 C0 7 0 8 0
0

0101000
+80 0 -79 0 *
Ve
1e-07
-2.80620007566502 4.84615735767409 6.94501183692831
0 0

0101101
*
Ed
 1e-07 1 1 0
1  14 0 3.66740318113089 4.10373549412949
2  9 9 0 3.66740318113089 4.10373549412949
4 C0 7 0 9 0
0

0101000
+77 0 -79 0 *
Ve
1e-07
-2.75608936002815 4.75961883342992 6.94501183692831
0 0

0101101
*
Ed
 1e-07 1 1 0
1  15 0 -0.049999999999997 0.0499999999999932
4 C0 7 0 10 0
0

0101000
+75 0 -77 0 *
Ed
 1e-07 1 1 0
1  16 0 5.3210424666399 5.75737477963849
2  10 2 0 5.3210424666399 5.75737477963849
4 C0 7 0 2 0
0

0101000
+80 0 -75 0 *
Wi

0101100
+78 0 -76 0 -74 0 -73 0 *
Fa
0  1e-07 7 0

0101000
+72 0 *
Ve
1e-07
-2.75608936002815 4.75961883342993 4.94501183692832
0 0

0101101
*
Ve
1e-07
-0.486363410829904 5.47845330660081 4.94501183692832
0 0

0101101
*
Ed
 1e-07 1 1 0
1  17 0 5.23819950792579 5.67453182092437
2  11 2 0 5.23819950792579 5.67453182092437
4 C0 11 0 2 0
0

0101000
+70 0 -69 0 *
Ve
1e-07
-2.80620007566502 4.8461573576741 4.94501183692832
0 0

0101101
*
Ed
 1e-07 1 1 0
1  18 0 -0.0500000000000017 0.0499999999999886
4 C0 11 0 10 0
0

0101000
+67 0 -70 0 *
Ve
1e-07
-0.495206381935892 5.578061548539 4.94501183692832
0 0

0101101
*
Ed
 1e-07 1 1 0
1  19 0 3.750246139845 4.1865784528436
2  12 9 0 3.750246139845 4.1865784528436
4 C0 11 0 9 0
0

0101000
+65 0 -67 0 *
Ed
 1e-07 1 1 0
1  20 0 -0.0500000000000013 0.0499999999999898
4 C0 11 0 8 0
0

0101000
+65 0 -69 0 *
Wi

0101100
-68 0 -66 0 -64 0 +63 0 *
Fa
0  1e-07 11 0

0101000
+62 0 *
Ed
 1e-07 1 1 0
1  21 0 -1 1
2  13 2 0 -1 1
4 C0 8 0 2 0
0

0101000
+69 0 -80 0 *
Ed
 1e-07 1 1 0
1  22 0 -1 1
2  14 9 0 -1 1
4 C0 8 0 9 0
0

0101000
+79 0 -65 0 *
Wi

0101100
-60 0 -63 0 -59 0 -78 0 *
Fa
0  1e-07 8 0

0101000
+58 0 *
Ed
 1e-07 1 1 0
1  23 0 -1 0.999999999999989
2  15 9 0 -1 0.999999999999989
4 C0 9 0 10 0
0

0101000
+77 0 -67 0 *
Wi

0101100
+76 0 +59 0 +64 0 -56 0 *
Fa
0  1e-07 9 0

0101000
+55 0 *
Ed
 1e-07 1 1 0
1  24 0 -1 0.999999999999989
2  16 2 0 -1 0.999999999999989
4 C0 10 0 2 0
0

0101000
+75 0 -70 0 *
Wi

0101100
+74 0 +56 0 +66 0 -53 0 *
Fa
0  1e-07 10 0

0101000
+52 0 *
Ve
1e-07
2.2860802207264 3.991721085497 -5.05498816307166
0 0

0101101
*
Ve
1e-05
4.40071829347384 -1.33928283102622 -5.05498816307167
0 0

0101101
*
Ed
 1e-07 1 1 0
1  25 0 0 1.34611527597846
2  17 13 0 0 1.34611527597846
4 G1 12 0 13 0
0

0101000
+50 0 -49 0 *
Ed
 1e-07 1 1 0
1  25 0 1.34611527597846 6.28318530717959
2  18 13 0 1.34611527597846 6.28318530717959
4 G1 12 0 13 0
0

0101000
+49 0 -50 0 *
Wi

0101100
-48 0 -47 0 *
Ve
1e-05
-2.68365938954918 -4.68593344819228 -5.05498816307168
0 0

0101101
*
Ed
 1e-07 1 1 0
1  26 0 0 6.28318530717959
2  19 14 0 0 6.28318530717959
4 G1 12 0 14 0
0

0101000
+45 0 -45 0 *
Wi

0101100
-44 0 *
Fa
0  1e-07 12 0

0101000
+46 0 +43 0 *
Ve
1e-05
-2.28608022072714 -3.99172108549718 9.94501183692829
0 0

0101101
*
Ed
 1e-07 1 1 0
1  27 0 0 6.28318530717959
2  20 16 0 0 6.28318530717959
4 G1 15 0 16 0
0

0101000
+41 0 -41 0 *
Wi

0101100
-40 0 *
Ve
1e-07
2.68365938954845 4.68593344819209 9.94501183692831
0 0

0101101
*
Ve
1e-05
-2.68365938954919 -4.68593344819232 9.94501183692829
0 0

0101101
*
Ed
 1e-07 1 1 0
1  28 0 0 3.14159265358979
2  21 17 0 0 3.14159265358979
4 G1 15 0 17 0
0

0101000
+38 0 -37 0 *
Ed
 1e-07 1 1 0
1  28 0 3.14159265358979 6.28318530717959
2  22 17 0 3.14159265358979 6.28318530717959
4 G1 15 0 17 0
0

0101000
+37 0 -38 0 *
Wi

0101100
-36 0 -35 0 *
Fa
0  1e-07 15 0

0101000
+39 0 +34 0 *
Ve
1e-05
-2.73335678565194 -4.77270999352917 -4.95498816307169
0 0

0101101
*
Ed
 1e-07 1 1 0
1  29 0 0 6.28318530717959
2  23 2 0 0 6.28318530717959
2  24 14 0 0 6.28318530717959
4 G1 2 0 14 0
0

0101000
-32 0 +32 0 *
Ve
1e-05
-2.73335678565194 -4.77270999352922 9.84501183692828
0 0

0101101
*
Ed
 1e-05 1 1 0
1  30 0 -7.4 7.39999999999997
3  25 26CN 2 0 -7.4 7.39999999999997
0

0101000
-32 0 +30 0 *
Ed
 1e-07 1 1 0
1  31 0 0 6.28318530717959
2  27 2 0 0 6.28318530717959
2  28 17 0 0 6.28318530717959
4 G1 2 0 17 0
0

0101000
+30 0 -30 0 *
Wi

0101100
+31 0 -29 0 -28 0 +29 0 *
Wi

0101100
+60 0 +73 0 +53 0 +68 0 *
Wi

0101100
+108 0 +83 0 +93 0 +90 0 *
Fa
0  1e-07 2 0

0101000
+27 0 +26 0 +25 0 *
Ve
1e-05
4.30505050448526 -1.31016798687352 9.8450118369283
0 0

0101101
*
Ve
1e-05
-2.23638282462438 -3.90494454016028 9.84501183692829
0 0

0101101
*
Ed
 1e-07 1 1 0
1  32 0 1.86622339307277 3.66170077068411
2  29 18 0 1.86622339307277 3.66170077068411
2  30 16 0 1.86622339307277 3.66170077068411
4 G1 18 0 16 0
0

0101000
+23 0 -22 0 *
Ed
 1e-07 1 1 0
1  32 0 3.66170077068411 8.14940870025236
2  31 18 0 3.66170077068411 8.14940870025236
2  32 16 0 3.66170077068411 8.14940870025236
4 G1 18 0 16 0
0

0101000
+22 0 -23 0 *
Ve
1e-05
4.30505050448527 -1.31016798687348 -4.95498816307167
0 0

0101101
*
Ed
 1e-05 1 1 0
1  33 0 -7.4 7.39999999999997
3  33 34CN 18 0 -7.4 7.39999999999997
0

0101000
+23 0 -19 0 *
Ed
 1e-07 1 1 0
1  34 0 4.41696191410681 10.7001472212864
2  35 18 0 4.41696191410681 10.7001472212864
2  36 13 0 4.41696191410681 10.7001472212864
4 G1 18 0 13 0
0

0101000
+19 0 -19 0 *
Wi

0101100
+21 0 +20 0 +18 0 +17 0 -18 0 *
Fa
0  1e-07 18 0

0101000
+16 0 *
Ed
 1e-05 1 1 0
1  35 0 3.14159265358979 4.71238898038469
3  37 38CN 13 0 3.14159265358979 4.71238898038469
0

0101000
+19 0 -49 0 *
Wi

0101100
+17 0 +14 0 +47 0 +48 0 -14 0 *
Fa
0  1e-07 13 0

0101000
+13 0 *
Ed
 1e-05 1 1 0
1  36 0 4.7123889803847 6.28318530717959
3  39 40CN 14 0 4.7123889803847 6.28318530717959
0

0101000
+45 0 -32 0 *
Wi

0101100
+44 0 +11 0 -31 0 -11 0 *
Fa
0  1e-07 14 0

0101000
+10 0 *
Ed
 1e-05 1 1 0
1  37 0 1.57079632679476 3.14159265358979
3  41 42CN 16 0 1.57079632679476 3.14159265358979
0

0101000
+41 0 -22 0 *
Wi

0101100
+40 0 +8 0 +20 0 +21 0 -8 0 *
Fa
0  1e-07 16 0

0101000
+7 0 *
Ed
 1e-05 1 1 0
1  38 0 0 1.57079632679488
3  43 44CN 17 0 0 1.57079632679488
0

0101000
-37 0 +30 0 *
Wi

0101100
+36 0 -5 0 +28 0 +5 0 +35 0 *
Fa
0  1e-07 17 0

0101000
+4 0 *
Sh

0101100
+101 0 +91 0 +87 0 +84 0 +81 0 +71 0 +61 0 +57 0 +54 0 +51 0 
+42 0 +33 0 +24 0 -15 0 +12 0 +9 0 +6 0 +3 0 *
So

0100000
+2 0 *

+1 1 ]]>
      </Part>
      <ElementMap/>
    </Property>
    <Property name="TreeRank" type="App::PropertyInteger" status="2184">
      <Integer value="720"/>
    </Property>
    <Property name="Visibility" type="App::PropertyBool" status="648">
      <Bool value="true"/>
    </Property>
  </Properties>
</Object>
</Document>
