<?xml version='1.0' encoding='utf-8'?>
<!-- FreeCAD DocumentObject -->
<Document SchemaVersion="4" FileVersion="2">
<Object name="Solid060">
  <Properties Count="8" TransientCount="1">
    <_Property name="_ElementMapVersion" type="App::PropertyString" status="234881024"/>
    <Property name="ColoredElements" type="App::PropertyLinkSubHidden" status="218103808">
      <LinkSub value="" count="0">
      </LinkSub>
    </Property>
    <Property name="ExpressionEngine" type="App::PropertyExpressionEngine" status="67108864">
      <ExpressionEngine count="0"></ExpressionEngine>
    </Property>
    <Property name="Label" type="App::PropertyString" status="134217728">
      <String value="drive_lgx"/>
    </Property>
    <Property name="Label2" type="App::PropertyString" status="128">
      <String value=""/>
    </Property>
    <Property name="Placement" type="App::PropertyPlacement" status="8388608">
      <PropertyPlacement Px="-67.16894177862839" Py="-75.5056406185923" Pz="125.347883907386" Q0="0" Q1="0" Q2="0" Q3="1" A="0" Ox="0" Oy="0" Oz="1"/>
    </Property>
    <Property name="Shape" type="Part::PropertyPartShape">
      <Part ElementMap="0.15.70200.4" brep="1">
<![CDATA[

CASCADE Topology V1, (c) Matra-Datavision
Locations 1
1
              1               0               0 -67.1689417786284 
              0               1               0 -75.5056406185923 
              0               0               1 125.347883907386 
Curve2ds 68
1 9.4247779607693793 0 -1 0 
1 9.4247779607693793 0 -1 0 
1 9.4247779607693793 4 -1 0 
1 9.4247779607693793 4 -1 0 
1 9.4247779607693793 6 -1 0 
1 9.4247779607693793 0 0 1 
1 3.1415926535897931 0 0 1 
1 9.4247779607693793 3 -1 0 
1 9.4247779607693793 6 -1 0 
1 9.4247779607693793 0 0 1 
1 3.1415926535897931 0 0 1 
1 9.4247779607693793 3 -1 0 
1 9.4247779607693793 6 -1 0 
1 9.4247779607693793 0 0 1 
1 3.1415926535897931 0 0 1 
1 9.4247779607693793 3 -1 0 
1 9.4247779607693793 6 -1 0 
1 9.4247779607693793 0 0 1 
1 3.1415926535897931 0 0 1 
1 9.4247779607693793 3 -1 0 
1 0 3 1 0 
1 0 3 1 0 
1 0 3 1 0 
1 0 3 1 0 
1 0 3 1 0 
1 6.2831853071795862 3 -1 0 
1 6.2831853071795862 3 -1 0 
1 3.1415926535897931 6 1 0 
1 3.1415926535897931 6 1 0 
1 0 0 1 0 
1 6.2831853071795862 0 0 1 
1 0 0 0 1 
1 0 0 1 0 
1 6.2831853071795862 0 0 1 
1 0 0 0 1 
1 0 0 1 0 
1 6.2831853071795862 0 0 1 
1 0 0 0 1 
1 0 0 1 0 
1 6.2831853071795862 0 0 1 
1 0 0 0 1 
1 0 0 1 0 
1 6.2831853071795862 0 0 1 
1 0 0 0 1 
1 9.4247779607693793 0 0 1 
1 3.1415926535897931 0 0 1 
1 9.4247779607693793 0 0 1 
1 3.1415926535897931 0 0 1 
1 3.1415926535897931 0 1 0 
1 3.1415926535897931 0 1 0 
1 3.1415926535897931 4 1 0 
1 3.1415926535897931 4 1 0 
1 9.4247779607693793 0 0 1 
1 3.1415926535897931 0 0 1 
1 3.1415926535897931 3 1 0 
1 9.4247779607693793 0 0 1 
1 3.1415926535897931 0 0 1 
1 3.1415926535897931 3 1 0 
1 6.2831853071795862 0 -1 0 
1 6.2831853071795862 0 0 1 
1 0 0 0 1 
1 6.2831853071795862 0 -1 0 
1 6.2831853071795862 0 0 1 
1 0 0 0 1 
1 9.4247779607693793 0 0 1 
1 3.1415926535897931 0 0 1 
1 9.4247779607693793 0 0 1 
1 3.1415926535897931 0 0 1 
Curves 205
1 21 -32.349999999999994 25.5 0 0 1 
1 -3.4694469519536099e-15 -32.349999999999994 34.75 1 0 0 
1 25 -32.349999999999994 25.5 0 0 1 
1 25 -32.349999999999994 39 -1 0 0 
1 25 -28.100000000000001 23.5 0 -0.70710678118654757 -0.70710678118654757 
1 25 -30.349999999999998 21 0 0 -1 
1 25 -26.349999999999998 3 0 -0.70710678118654857 0.70710678118654657 
1 25 -26.349999999999998 3 0 -0.70710678118654857 0.70710678118654657 
1 25 -11.350000000000001 3 0 1 0 
1 25 -11.350000000000001 9 0 0 -1 
1 25 -11.350000000000001 9 0 0 -1 
1 25 -17.350000000000001 30 0 0.44721359549995798 -0.89442719099991597 
1 25 -10.85 40 0 -1 0 
1 25 -30.599999999999998 40.75 0 0.70710678118654702 0.70710678118654802 
1 25 -32.099999999999994 34.5 0 -0.70710678118654757 0.70710678118654757 
1 25 -26.100000000000001 21 0 0 -1 
2 25 -16.650000000000002 19 1 0 0 0 0 -1 -0 1 0 1.6499999999999999
2 25 -27.650000000000002 36.450000000000003 1 0 0 0 0 -1 -0 1 0 1.6499999999999999
2 21 -16.650000000000002 19 1 0 0 0 0 -1 -0 1 0 1.6499999999999999
2 21 -27.650000000000002 36.450000000000003 1 0 0 0 0 -1 -0 1 0 1.6499999999999999
1 21 -14.725 17.125 0 0.70710678118654757 -0.70710678118654757 
1 21 -32.349999999999994 39 0 -0.70710678118654702 -0.70710678118654802 
1 21 -27.850000000000001 42 0 1 0 
1 21 -17.350000000000001 30 0 0.44721359549995798 -0.89442719099991597 
1 21 -11.350000000000001 9 0 0 -1 
1 21 -10.85 9 0 -1 0 
1 21 -32.349999999999994 25.5 0 0 1 
1 21 -20.725000000000001 30.875 0 0.70710678118654757 0.70710678118654757 
1 21 -28.100000000000001 21 0 0 -1 
1 22 -21.5 0 0 -1 0 
1 22 -31.4713203435597 3.8786796564403501 0 -0.70710678118654857 0.70710678118654657 
1 22 -29.350000000000001 6 0 0 -1 
1 -2.1684043449710099e-16 -32.200000000000003 0 1 -5.56955656117192e-14 0 
1 -1.1835680518387399 -32.200000000000003 6 0 0 -1 
1 -2.1684043449710099e-16 -32.200000000000003 3 1 -5.56955656117192e-14 0 
1 1.1835680518387399 -32.200000000000003 6 0 0 -1 
1 2.2594773274597897e-13 -28.100000000000001 3 -1 5.56955656117192e-14 0 
1 -1.18356805183896 -28.100000000000001 6 0 0 -1 
1 2.2594773274597897e-13 -28.100000000000001 0 -1 5.56955656117192e-14 0 
1 1.18356805183896 -28.100000000000001 6 0 0 -1 
1 2.3671361036775802 -30.149999999999999 6 0 0 -1 
1 1.7753520777582701 -29.125 3 -0.49999999999995171 0.86602540378446657 0 
1 1.7753520777582701 -29.125 0 -0.49999999999995171 0.86602540378446657 0 
1 1.77535207775816 -31.175000000000001 3 0.50000000000004874 0.86602540378441062 0 
1 1.77535207775816 -31.175000000000001 0 0.50000000000004874 0.86602540378441062 0 
2 4.3368086899420197e-16 10 0 0 0 1 1 0 -0 -0 1 0 1.6499999999999999
7 0 0  1 2 2  1.6500000000000004 10 3  1.6500000000000004 10 0 
 3 2 6 2
2 4.3368086899420197e-16 10 3 0 0 1 1 0 -0 -0 1 0 1.6499999999999999
2 12.5 4.7944922186618899e-15 0 0 0 1 1 0 -0 -0 1 0 1.6499999999999999
7 0 0  1 2 2  14.15 5.4006923842398293e-15 3  14.15 5.4006923842398293e-15 0 
 3 2 6 2
2 12.5 4.7944922186618899e-15 3 0 0 1 1 0 -0 -0 1 0 1.6499999999999999
2 0 -10 0 0 0 1 1 0 -0 -0 1 0 1.6499999999999999
7 0 0  1 2 2  1.6499999999999999 -10 3  1.6499999999999999 -10 0 
 3 2 6 2
2 0 -10 3 0 0 1 1 0 -0 -0 1 0 1.6499999999999999
2 10 -21.149999999999999 0 0 0 1 1 0 -0 -0 1 0 1.6499999999999999
7 0 0  1 2 2  11.65 -21.149999999999999 3  11.65 -21.149999999999999 0 
 3 2 6 2
2 10 -21.149999999999999 3 0 0 1 1 0 -0 -0 1 0 1.6499999999999999
1 22 -21.5 6 0 -1 0 
1 22 -8.3499999999999996 0 0 0 -1 
1 22 -21.5 0 0 -1 0 
1 22 10.65 6 0 0 1 
1 0 13.65 0 1 0 0 
1 -19 13.65 6 0 0 -1 
1 0 13.65 6 1 0 0 
1 19 13.65 6 0 0 -1 
1 -5 -38.350000000000001 6 1 0 0 
1 -10 -38.350000000000001 6 0 0 -1 
1 -5 -38.350000000000001 0 1 0 0 
1 10 -38.350000000000001 6 0 0 -1 
1 16 -33.850000000000001 0 -0.80000000000000004 -0.59999999999999998 0 
1 25.0321108356884 -27.075916873233698 3.7713284525633699 -0.70645719988240485 -0.52984289991180489 -0.46923845339801484 
1 17.588235294117698 -32.658823529411805 9.3088235294117592 0.68599434057003517 0.51449575542752712 -0.51449575542752612 
1 16 -33.850000000000001 6 -0.80000000000000004 -0.59999999999999998 0 
2 1.1275702593849199e-13 -30.149999999999999 6 0 0 1 1 0 -0 -0 1 0 7
1 -22.5 10.149999999999999 6 -0.70710678118654702 -0.70710678118654802 0 
1 -22 -21.5 6 0 -1 0 
1 -25 -8.3499999999999996 6 -1 0 0 
1 -18 -12.35 6 0 1 0 
1 0 -29.350000000000001 6 -1 0 0 
1 -16 -33.850000000000001 6 0.80000000000000004 -0.59999999999999998 0 
1 0 -29.350000000000001 6 1 0 0 
1 18 -12.35 6 0 1 0 
1 25 -8.3499999999999996 6 1 0 0 
1 22.5 10.149999999999999 6 0.70710678118654702 -0.70710678118654802 0 
2 -9.5409791178724406e-15 10 6 0 0 1 1 0 -0 -0 1 0 2.8999999999999999
2 -9.5409791178724406e-15 -10 6 0 0 1 1 0 -0 -0 1 0 2.8999999999999999
2 10 -21.149999999999999 6 0 0 1 1 0 -0 -0 1 0 2.8999999999999999
2 12.5 5.3817442138067901e-15 6 0 0 1 1 0 -0 -0 1 0 2.8999999999999999
2 -10 -21.149999999999999 6 0 0 -1 -1 0 0 0 1 0 2.8999999999999999
2 -12.5 5.3817442138067901e-15 6 0 0 -1 -1 0 0 0 1 0 2.8999999999999999
1 -1.77535207775816 -31.175000000000001 0 -0.50000000000004874 0.86602540378441062 0 
1 -1.7753520777582701 -29.125 0 0.49999999999995171 0.86602540378446657 0 
1 -16 -33.850000000000001 0 0.80000000000000004 -0.59999999999999998 0 
1 -22 -21.5 0 0 -1 0 
1 -22 -23.349999999999998 0 0 -1 0 
1 -22 -21.5 0 0 -1 0 
1 -19 13.65 0 0.70710678118654702 0.70710678118654802 0 
1 19 13.65 0 -0.70710678118654702 0.70710678118654802 0 
1 22 -23.349999999999998 0 0 -1 0 
2 -10 -21.149999999999999 0 0 0 -1 -1 0 0 0 1 0 1.6499999999999999
2 -12.5 4.7944922186618899e-15 0 0 0 -1 -1 0 0 0 1 0 1.6499999999999999
2 -9.5409791178724406e-15 10 3 0 0 1 1 0 -0 -0 1 0 2.8999999999999999
7 0 0  1 2 2  2.8999999999999906 10 3  2.8999999999999906 10 6 
 0 2 3 2
2 12.5 5.3817442138067901e-15 3 0 0 1 1 0 -0 -0 1 0 2.8999999999999999
7 0 0  1 2 2  15.4 5.3817442138067901e-15 3  15.4 5.3817442138067901e-15 6 
 0 2 3 2
2 -9.5409791178724406e-15 -10 3 0 0 1 1 0 -0 -0 1 0 2.8999999999999999
7 0 0  1 2 2  2.8999999999999906 -10 3  2.8999999999999906 -10 6 
 0 2 3 2
2 10 -21.149999999999999 3 0 0 1 1 0 -0 -0 1 0 2.8999999999999999
7 0 0  1 2 2  12.9 -21.149999999999999 3  12.9 -21.149999999999999 6 
 0 2 3 2
2 1.1275702593849199e-13 -30.149999999999999 3 0 0 1 1 0 -0 -0 1 0 7
7 0 0  1 2 2  7.0000000000001128 -30.149999999999999 3  7.0000000000001128 -30.149999999999999 6 
 0 2 3 2
1 -1.77535207775816 -31.175000000000001 3 -0.50000000000004874 0.86602540378441062 0 
1 -1.7753520777582701 -29.125 3 0.49999999999995171 0.86602540378446657 0 
1 27.6666666666667 -27.683333333333401 4.3333333333333401 0.57735026918962573 0.57735026918962673 -0.57735026918962484 
1 25 -32.349999999999994 9 -1 0 0 
1 12.3333333333333 -23.683333333333298 0.33333333333332599 -0.57735026918962506 0.57735026918962706 -0.57735026918962506 
1 18 -11.350000000000001 9 -1 0 0 
1 25 -11.350000000000001 18 -1 0 0 
1 25 -23.349999999999998 42 -1 0 0 
1 30.5555555555556 -19.572222222222198 34.4444444444445 -0.66666666666666607 -0.33333333333333404 0.66666666666666707 
1 25 -29.350000000000001 42 1 0 0 
1 23 -27.850000000000001 42 0 1 0 
7 0 0  1 2 2  25 -16.650000000000002 17.350000000000001  21 -16.650000000000002 17.350000000000001 
 0 2 4 2
1 23 -32.349999999999994 25.5 0 0 1 
1 -3.4694469519536099e-15 -32.349999999999994 19.25 1 0 0 
7 0 0  1 2 2  25 -27.650000000000002 34.800000000000004  21 -27.650000000000002 34.800000000000004 
 0 2 4 2
1 23.3333333333333 -9.68333333333333 1.3333333333333299 0.57735026918962573 -0.57735026918962573 0.57735026918962573 
1 25 -11.350000000000001 9 0.57735026918962573 -0.57735026918962573 0.57735026918962573 
1 24.907435698305498 -26.3883413891534 2.9074356983054601 -0.67859834454584689 -0.28108463771482095 -0.67859834454584689 
1 25.6666666666667 -32.016666666666701 39.3333333333334 -0.57735026918962506 0.57735026918962606 0.57735026918962606 
1 19.3333333333334 -9.68333333333333 7.3333333333333295 0.57735026918962573 -0.57735026918962573 0.57735026918962573 
1 -3.4694469519536099e-15 -28.100000000000001 23.5 1 0 0 
1 23 -28.100000000000001 27 0 0 1 
1 21 -28.100000000000001 30.5 -1 0 0 
1 25.0833333333333 -30.266666666666698 21.3333333333333 -0.57735026918962506 -0.57735026918962606 -0.57735026918962606 
1 15.3333333333333 -35.766666666666694 15.8333333333333 0.57735026918962573 0.57735026918962573 0.57735026918962573 
1 12.6666666666667 -38.433333333333302 40.8333333333334 0.57735026918962573 0.57735026918962573 -0.57735026918962573 
1 -21 -32.349999999999994 25.5 0 0 1 
1 -25 -32.349999999999994 39 1 0 0 
1 -25 -32.349999999999994 25.5 0 0 1 
1 3.4694469519536099e-15 -32.349999999999994 34.75 -1 0 0 
1 -25 -28.100000000000001 23.5 0 -0.70710678118654757 -0.70710678118654757 
1 -25 -26.100000000000001 21 0 0 -1 
1 -25 -32.099999999999994 34.5 0 -0.70710678118654757 0.70710678118654757 
1 -25 -30.599999999999998 40.75 0 0.70710678118654702 0.70710678118654802 
1 -25 -10.85 40 0 -1 0 
1 -25 -17.350000000000001 30 0 0.44721359549995798 -0.89442719099991597 
1 -25 -11.350000000000001 9 0 0 -1 
1 -25 -11.350000000000001 9 0 0 -1 
1 -25 -11.350000000000001 3 0 1 0 
1 -25 -26.349999999999998 3 0 -0.70710678118654857 0.70710678118654657 
1 -25 -26.349999999999998 3 0 -0.70710678118654857 0.70710678118654657 
1 -25 -30.349999999999998 21 0 0 -1 
2 -25 -16.650000000000002 19 1 0 0 0 0 -1 -0 1 0 1.6499999999999999
2 -25 -27.650000000000002 36.450000000000003 1 0 0 0 0 -1 -0 1 0 1.6499999999999999
2 -21 -16.650000000000002 19 1 0 0 0 0 -1 -0 1 0 1.6499999999999999
2 -21 -27.650000000000002 36.450000000000003 1 0 0 0 0 -1 -0 1 0 1.6499999999999999
1 -21 -14.725 17.125 0 0.70710678118654757 -0.70710678118654757 
1 -21 -28.100000000000001 21 0 0 -1 
1 -21 -20.725000000000001 30.875 0 0.70710678118654757 0.70710678118654757 
1 -21 -32.349999999999994 25.5 0 0 1 
1 -21 -10.85 9 0 -1 0 
1 -21 -11.350000000000001 9 0 0 -1 
1 -21 -17.350000000000001 30 0 0.44721359549995798 -0.89442719099991597 
1 -21 -27.850000000000001 42 0 1 0 
1 -21 -32.349999999999994 39 0 -0.70710678118654702 -0.70710678118654802 
1 -22 -29.350000000000001 6 0 0 -1 
1 -22 -31.4713203435597 3.8786796564403501 0 -0.70710678118654857 0.70710678118654657 
1 -2.3671361036775802 -30.149999999999999 6 0 0 -1 
7 0 0  1 2 2  -14.15 4.1882920530839504e-15 3  -14.15 4.1882920530839504e-15 0 
 3 2 6 2
2 -12.5 4.7944922186618899e-15 3 0 0 -1 -1 0 0 0 1 0 1.6499999999999999
7 0 0  1 2 2  -11.65 -21.149999999999999 3  -11.65 -21.149999999999999 0 
 3 2 6 2
2 -10 -21.149999999999999 3 0 0 -1 -1 0 0 0 1 0 1.6499999999999999
1 -22 10.65 6 0 0 1 
1 -22 -8.3499999999999996 0 0 0 -1 
1 -17.588235294117698 -32.658823529411805 9.3088235294117592 -0.68599434057003517 0.51449575542752712 -0.51449575542752612 
1 -25.0321108356884 -27.075916873233698 3.7713284525633699 0.70645719988240485 -0.52984289991180489 -0.46923845339801484 
2 -12.5 5.3817442138067901e-15 3 0 0 -1 -1 0 0 0 1 0 2.8999999999999999
7 0 0  1 2 2  -15.4 5.3817442138067901e-15 3  -15.4 5.3817442138067901e-15 6 
 0 2 3 2
2 -10 -21.149999999999999 3 0 0 -1 -1 0 0 0 1 0 2.8999999999999999
7 0 0  1 2 2  -12.9 -21.149999999999999 3  -12.9 -21.149999999999999 6 
 0 2 3 2
1 -12.3333333333333 -23.683333333333298 0.33333333333332599 0.57735026918962506 0.57735026918962706 -0.57735026918962506 
1 -25 -32.349999999999994 9 1 0 0 
1 -27.6666666666667 -27.683333333333401 4.3333333333333401 -0.57735026918962573 0.57735026918962673 -0.57735026918962484 
1 -25 -11.350000000000001 18 1 0 0 
1 -18 -11.350000000000001 9 1 0 0 
1 -25 -23.349999999999998 42 1 0 0 
1 -30.5555555555556 -19.572222222222198 34.4444444444445 0.66666666666666607 -0.33333333333333404 0.66666666666666707 
1 -25 -29.350000000000001 42 -1 0 0 
1 -23 -27.850000000000001 42 0 1 0 
7 0 0  1 2 2  -25 -16.650000000000002 17.350000000000001  -21 -16.650000000000002 17.350000000000001 
 0 2 4 2
1 3.4694469519536099e-15 -32.349999999999994 19.25 -1 0 0 
1 -23 -32.349999999999994 25.5 0 0 1 
7 0 0  1 2 2  -25 -27.650000000000002 34.800000000000004  -21 -27.650000000000002 34.800000000000004 
 0 2 4 2
1 -25 -11.350000000000001 9 -0.57735026918962573 -0.57735026918962573 0.57735026918962573 
1 -23.3333333333333 -9.68333333333333 1.3333333333333299 -0.57735026918962573 -0.57735026918962573 0.57735026918962573 
1 -24.907435698305498 -26.3883413891534 2.9074356983054601 0.67859834454584689 -0.28108463771482095 -0.67859834454584689 
1 -25.6666666666667 -32.016666666666701 39.3333333333334 0.57735026918962506 0.57735026918962606 0.57735026918962606 
1 -19.3333333333334 -9.68333333333333 7.3333333333333295 -0.57735026918962573 -0.57735026918962573 0.57735026918962573 
1 3.4694469519536099e-15 -28.100000000000001 23.5 -1 0 0 
1 -21 -28.100000000000001 30.5 1 0 0 
1 -23 -28.100000000000001 27 0 0 1 
1 -15.3333333333333 -35.766666666666694 15.8333333333333 -0.57735026918962573 0.57735026918962573 0.57735026918962573 
1 -25.0833333333333 -30.266666666666698 21.3333333333333 0.57735026918962506 -0.57735026918962606 -0.57735026918962606 
1 -12.6666666666667 -38.433333333333302 40.8333333333334 -0.57735026918962573 0.57735026918962573 -0.57735026918962573 
Polygon3D 0
PolygonOnTriangulations 0
Surfaces 82
1 25 -32.349999999999994 25.5 0 -1 0 0 0 -1 1 0 0 
1 21 -10.85 21 1 0 0 -0 1 0 0 -0 1 
1 -3.4694469519536099e-15 -32.099999999999994 34.5 0 -0.70710678118654757 -0.70710678118654757 -1 -0 0 -0 0.70710678118654757 -0.70710678118654757 
1 25 -10.85 21 1 0 0 -0 1 0 0 -0 1 
1 25 -32.349999999999994 39 0 0.70710678118654802 -0.70710678118654702 -1 0 0 0 0.70710678118654702 0.70710678118654802 
1 -3.4694469519536099e-15 -28.100000000000001 23.5 0 0.70710678118654757 -0.70710678118654757 1 0 0 0 -0.70710678118654757 -0.70710678118654757 
1 23 -32.349999999999994 25.5 -0.70710678118654802 0.70710678118654702 0 0 0 1 0.70710678118654702 0.70710678118654802 -0 
1 25 -26.349999999999998 3 0 -0.70710678118654657 -0.70710678118654857 0 0.70710678118654857 -0.70710678118654657 1 0 0 
1 25 -26.349999999999998 3 0.70710678118654791 -0.49999999999999983 -0.49999999999999983 -6.9388939039072264e-16 -0.70710678118654802 0.70710678118654702 -0.70710678118654724 -0.49999999999999956 -0.500000000000001 
1 22 -12.35 0 0.70710678118654757 0 -0.70710678118654757 0 1 0 0.70710678118654757 -0 0.70710678118654757 
1 25 -11.350000000000001 9 0.70710678118654802 0.70710678118654702 0 0 0 -1 -0.70710678118654702 0.70710678118654802 0 
1 25 -11.350000000000001 9 0 1 0 0 -0 1 1 0 -0 
1 25 -17.350000000000001 30 0 0.89442719099991597 0.44721359549995798 0 -0.44721359549995798 0.89442719099991597 1 0 -0 
1 23 -27.850000000000001 42 -0.70710678118654802 0 -0.70710678118654702 0 1 0 0.70710678118654702 0 -0.70710678118654802 
1 25 -26.100000000000001 21 -0.70710678118654757 0.70710678118654757 0 0 0 -1 -0.70710678118654757 -0.70710678118654757 -0 
10 3.1415926535897931 9.4247779607693793 0 4
2 25 -16.650000000000002 19 -1 0 0 0 0 1 0 1 -0 1.6499999999999999
10 3.1415926535897931 9.4247779607693793 0 4
2 25 -27.650000000000002 36.450000000000003 -1 0 0 0 0 1 0 1 -0 1.6499999999999999
1 25 -27.850000000000001 42 0 0 1 1 0 -0 -0 1 0 
1 18 -12.35 6 0.70710678118654802 0 -0.70710678118654702 0 1 0 0.70710678118654702 -0 0.70710678118654802 
1 25 -32.349999999999994 25.5 0 -1 0 0 0 -1 1 0 0 
1 -3.4694469519536099e-15 -28.100000000000001 27 0 -1 0 0 0 -1 1 0 0 
1 22 -21.5 6 1 0 0 0 0 -1 -0 1 0 
1 0 -12.35 0 0 0 1 1 0 -0 -0 1 0 
1 16 -33.850000000000001 6 0.59999999999999998 -0.80000000000000004 0 0.80000000000000004 0.59999999999999998 0 -0 0 1 
1 -2.1684043449710099e-16 -32.200000000000003 6 5.56955656117192e-14 1 0 -1 5.56955656117192e-14 0 0 -0 1 
1 -1.77535207775816 -31.175000000000001 6 0.86602540378441095 0.50000000000004796 0 0.50000000000004796 -0.86602540378441095 0 0 0 -1 
1 3.4694469519536099e-15 -12.35 3 0 0 1 1 0 -0 -0 1 0 
1 1.77535207775816 -31.175000000000001 6 -0.86602540378441095 0.50000000000004796 0 -0.50000000000004796 -0.86602540378441095 0 0 0 1 
1 2.2594773274597897e-13 -28.100000000000001 6 -5.56955656117192e-14 -1 0 1 -5.56955656117192e-14 0 0 0 1 
1 -1.7753520777582701 -29.125 6 0.86602540378446669 -0.49999999999995176 0 -0.49999999999995165 -0.86602540378446657 0 0 -0 -1 
1 1.7753520777582701 -29.125 6 -0.86602540378446669 -0.49999999999995176 0 0.49999999999995165 -0.86602540378446657 0 0 0 1 
10 3.1415926535897931 9.4247779607693793 3 6
2 4.3368086899420197e-16 10 6 0 0 -1 -1 0 0 0 1 0 1.6499999999999999
1 3.4694469519536099e-15 -12.35 3 0 0 1 1 0 -0 -0 1 0 
10 3.1415926535897931 9.4247779607693793 3 6
2 12.5 4.7944922186618899e-15 6 0 0 -1 -1 0 0 0 1 0 1.6499999999999999
1 3.4694469519536099e-15 -12.35 3 0 0 1 1 0 -0 -0 1 0 
10 3.1415926535897931 9.4247779607693793 3 6
2 0 -10 6 0 0 -1 -1 0 0 0 1 0 1.6499999999999999
1 3.4694469519536099e-15 -12.35 3 0 0 1 1 0 -0 -0 1 0 
10 3.1415926535897931 9.4247779607693793 3 6
2 10 -21.149999999999999 6 0 0 -1 -1 0 0 0 1 0 1.6499999999999999
1 3.4694469519536099e-15 -12.35 3 0 0 1 1 0 -0 -0 1 0 
1 22 -21.5 6 1 0 0 0 0 -1 -0 1 0 
1 0 -12.35 6 0 0 1 1 0 -0 -0 1 0 
1 19 13.65 6 -0.70710678118654802 -0.70710678118654702 0 -0 0 -1 0.70710678118654702 -0.70710678118654802 -0 
1 0 13.65 6 0 1 0 0 -0 1 1 0 -0 
1 -19 13.65 6 0.70710678118654802 -0.70710678118654702 0 0 0 -1 0.70710678118654702 0.70710678118654802 0 
1 -5 -38.350000000000001 6 0 1 0 0 -0 1 1 0 -0 
1 -16 -33.850000000000001 6 -0.59999999999999998 -0.80000000000000004 0 -0.80000000000000004 0.59999999999999998 0 -0 0 -1 
10 0 6.2831853071795862 0 3
2 1.1275702593849199e-13 -30.149999999999999 3 0 0 1 1 0 -0 -0 1 0 7
1 -22 -21.5 6 -1 0 0 0 0 -1 -0 -1 -0 
1 -25 -11.350000000000001 9 0 0.70710678118654757 0.70710678118654757 -1 0 0 0 -0.70710678118654757 0.70710678118654757 
1 -18 -12.35 6 -0.70710678118654802 0 -0.70710678118654702 0 1 0 0.70710678118654702 0 -0.70710678118654802 
1 -25 -26.349999999999998 3 0 -0.70710678118654657 -0.70710678118654857 0 0.70710678118654857 -0.70710678118654657 1 0 0 
1 25 -11.350000000000001 9 0 0.70710678118654757 0.70710678118654757 1 0 -0 -0 0.70710678118654757 -0.70710678118654757 
10 0 6.2831853071795862 0 3
2 -9.5409791178724406e-15 10 3 0 0 1 1 0 -0 -0 1 0 2.8999999999999999
10 0 6.2831853071795862 0 3
2 -9.5409791178724406e-15 -10 3 0 0 1 1 0 -0 -0 1 0 2.8999999999999999
10 0 6.2831853071795862 0 3
2 10 -21.149999999999999 3 0 0 1 1 0 -0 -0 1 0 2.8999999999999999
10 0 6.2831853071795862 0 3
2 12.5 5.3817442138067901e-15 3 0 0 1 1 0 -0 -0 1 0 2.8999999999999999
10 0 6.2831853071795862 0 3
2 -10 -21.149999999999999 3 0 0 1 -1 0 0 0 -1 0 2.8999999999999999
10 0 6.2831853071795862 0 3
2 -12.5 5.3817442138067901e-15 3 0 0 1 -1 0 0 0 -1 0 2.8999999999999999
1 -22 -21.5 6 -1 0 0 0 0 -1 -0 -1 -0 
1 -22 -12.35 0 -0.70710678118654757 0 -0.70710678118654757 0 1 0 0.70710678118654757 0 -0.70710678118654757 
10 3.1415926535897931 9.4247779607693793 3 6
2 -10 -21.149999999999999 6 0 0 -1 1 0 0 0 -1 0 1.6499999999999999
10 3.1415926535897931 9.4247779607693793 3 6
2 -12.5 4.7944922186618899e-15 6 0 0 -1 1 0 0 0 -1 0 1.6499999999999999
1 -25 -32.349999999999994 25.5 0 -1 0 0 0 -1 1 0 0 
1 -21 -10.85 21 -1 0 0 0 1 0 0 0 -1 
1 -25 -32.349999999999994 39 0 0.70710678118654802 -0.70710678118654702 1 0 0 0 -0.70710678118654702 -0.70710678118654802 
1 -25 -10.85 21 -1 0 0 0 1 0 0 0 -1 
1 3.4694469519536099e-15 -32.099999999999994 34.5 0 -0.70710678118654757 -0.70710678118654757 1 0 0 0 -0.70710678118654757 0.70710678118654757 
1 3.4694469519536099e-15 -28.100000000000001 23.5 0 0.70710678118654757 -0.70710678118654757 -1 0 0 0 0.70710678118654757 0.70710678118654757 
1 -25 -26.100000000000001 21 0.70710678118654757 0.70710678118654757 0 0 0 -1 -0.70710678118654757 0.70710678118654757 0 
1 -23 -27.850000000000001 42 0.70710678118654802 0 -0.70710678118654702 0 1 0 0.70710678118654702 -0 0.70710678118654802 
1 -25 -17.350000000000001 30 0 0.89442719099991597 0.44721359549995798 0 -0.44721359549995798 0.89442719099991597 1 0 -0 
1 -25 -11.350000000000001 9 0 1 0 0 -0 1 1 0 -0 
1 -25 -11.350000000000001 9 -0.70710678118654802 0.70710678118654702 0 0 0 -1 -0.70710678118654702 -0.70710678118654802 -0 
1 -25 -26.349999999999998 3 -0.70710678118654791 -0.49999999999999983 -0.49999999999999983 6.9388939039072264e-16 -0.70710678118654802 0.70710678118654702 -0.70710678118654724 0.49999999999999956 0.500000000000001 
1 -23 -32.349999999999994 25.5 0.70710678118654802 0.70710678118654702 0 0 -0 1 0.70710678118654702 -0.70710678118654802 -0 
10 3.1415926535897931 9.4247779607693793 0 4
2 -25 -16.650000000000002 19 1 0 0 0 0 1 0 -1 0 1.6499999999999999
10 3.1415926535897931 9.4247779607693793 0 4
2 -25 -27.650000000000002 36.450000000000003 1 0 0 0 0 1 0 -1 0 1.6499999999999999
1 3.4694469519536099e-15 -28.100000000000001 27 0 -1 0 0 0 -1 1 0 0 
1 -25 -32.349999999999994 25.5 0 -1 0 0 0 -1 1 0 0 
1 -25 -27.850000000000001 42 0 0 1 -1 0 0 0 -1 0 
1 -3.4694469519536099e-15 -12.35 3 0 0 1 -1 0 0 0 -1 0 
1 -3.4694469519536099e-15 -12.35 3 0 0 1 -1 0 0 0 -1 0 
Triangulations 0

TShapes 532
Ve
1e-07
21 -32.35 34.75
0 0

0101101
*
Ve
1e-07
21 -32.35 39
0 0

0101101
*
Ed
 1e-07 1 1 0
1  1 0 9.25 13.5
4 C0 1 0 2 0
0

0101000
+532 0 -531 0 *
Ve
1e-07
25 -32.35 34.75
0 0

0101101
*
Ed
 1e-07 1 1 0
1  2 0 21 25
4 C0 1 0 3 0
0

0101000
+532 0 -529 0 *
Ve
1e-07
25 -32.35 39
0 0

0101101
*
Ed
 1e-07 1 1 0
1  3 0 9.25 13.5
4 C0 1 0 4 0
0

0101000
+529 0 -527 0 *
Ed
 1e-07 1 1 0
1  4 0 0 4
4 C0 1 0 5 0
0

0101000
+527 0 -531 0 *
Wi

0101100
-530 0 +528 0 +526 0 +525 0 *
Fa
0  1e-07 1 0

0101000
+524 0 *
Ve
1e-07
25 -26.1 25.5
0 0

0101101
*
Ve
1e-07
25 -30.35 21.25
0 0

0101101
*
Ed
 1e-07 1 1 0
1  5 0 -2.82842712474619 3.18198051533946
4 C0 4 0 6 0
0

0101000
+522 0 -521 0 *
Ve
1e-07
25 -30.35 7
0 0

0101101
*
Ed
 1e-07 1 1 0
1  6 0 -0.25 14
4 C0 4 0 7 0
0

0101000
+521 0 -519 0 *
Ve
1e-07
25 -27.1 3.75
0 0

0101101
*
Ed
 1e-07 1 1 0
1  7 0 1.06066017177982 5.65685424949238
4 C0 4 0 8 0
0

0101000
+517 0 -519 0 *
Ve
1e-07
25 -26.35 3
0 0

0101101
*
Ed
 1e-07 1 1 0
1  8 0 0 1.06066017177982
4 C0 4 0 9 0
0

0101000
+515 0 -517 0 *
Ve
1e-07
25 -11.35 3
0 0

0101101
*
Ed
 1e-07 1 1 0
1  9 0 -15 0
4 C0 4 0 10 0
0

0101000
+515 0 -513 0 *
Ve
1e-07
25 -11.35 9
0 0

0101101
*
Ed
 1e-07 1 1 0
1  10 0 0 6
4 C0 4 0 11 0
0

0101000
+511 0 -513 0 *
Ve
1e-07
25 -11.35 18
0 0

0101101
*
Ed
 1e-07 1 1 0
1  11 0 -9 0
4 C0 4 0 12 0
0

0101000
+509 0 -511 0 *
Ve
1e-07
25 -22.35 40
0 0

0101101
*
Ed
 1e-07 1 1 0
1  12 0 -11.1803398874989 13.4164078649987
4 C0 4 0 13 0
0

0101000
+507 0 -509 0 *
Ve
1e-07
25 -31.35 40
0 0

0101101
*
Ed
 1e-07 1 1 0
1  13 0 11.5 20.5
4 C0 4 0 14 0
0

0101000
+507 0 -505 0 *
Ed
 1e-07 1 1 0
1  14 0 -2.47487373415291 -1.06066017177982
4 C0 4 0 5 0
0

0101000
+527 0 -505 0 *
Ve
1e-07
25 -26.1 28.5
0 0

0101101
*
Ed
 1e-07 1 1 0
1  15 0 -8.48528137423856 0.353553390593274
4 C0 4 0 3 0
0

0101000
+502 0 -529 0 *
Ed
 1e-07 1 1 0
1  16 0 -7.5 -4.5
4 C0 4 0 15 0
0

0101000
+502 0 -522 0 *
Wi

0101100
+520 0 +518 0 -516 0 -514 0 +512 0 -510 0 -508 0 -506 0 +504 0 -503 0 
-526 0 -501 0 +500 0 *
Ve
1e-05
25 -16.65 17.35
0 0

0101101
*
Ed
 1e-07 1 1 0
1  17 0 0 6.28318530717959
2  1 16 0 0 6.28318530717959
4 C0 4 0 16 0
0

0101000
-498 0 +498 0 *
Wi

0101100
-497 0 *
Ve
1e-05
25 -27.65 34.8
0 0

0101101
*
Ed
 1e-07 1 1 0
1  18 0 0 6.28318530717959
2  2 17 0 0 6.28318530717959
4 C0 4 0 17 0
0

0101000
-495 0 +495 0 *
Wi

0101100
-494 0 *
Fa
0  1e-07 4 0

0101000
+499 0 +496 0 +493 0 *
Ve
1e-05
21 -16.65 17.35
0 0

0101101
*
Ed
 1e-07 1 1 0
1  19 0 0 6.28318530717959
2  3 16 0 0 6.28318530717959
4 C0 2 0 16 0
0

0101000
+491 0 -491 0 *
Wi

0101100
+490 0 *
Ve
1e-05
21 -27.65 34.8
0 0

0101101
*
Ed
 1e-07 1 1 0
1  20 0 0 6.28318530717959
2  4 17 0 0 6.28318530717959
4 C0 2 0 17 0
0

0101000
+488 0 -488 0 *
Wi

0101100
+487 0 *
Ve
1e-07
21 -28.1 30.5
0 0

0101101
*
Ed
 1e-07 1 1 0
1  21 0 -24.9255140368258 -18.9151063967401
4 C0 2 0 3 0
0

0101000
+532 0 -485 0 *
Ve
1e-07
21 -29.35 42
0 0

0101101
*
Ed
 1e-07 1 1 0
1  22 0 -4.24264068711928 0
4 C0 2 0 5 0
0

0101000
+483 0 -531 0 *
Ve
1e-07
21 -23.35 42
0 0

0101101
*
Ed
 1e-07 1 1 0
1  23 0 -1.5 4.5
4 C0 2 0 18 0
0

0101000
+483 0 -481 0 *
Ve
1e-07
21 -11.35 18
0 0

0101101
*
Ed
 1e-07 1 1 0
1  24 0 -13.4164078649987 13.4164078649987
4 C0 2 0 13 0
0

0101000
+481 0 -479 0 *
Ve
1e-07
21 -11.35 9
0 0

0101101
*
Ed
 1e-07 1 1 0
1  25 0 -9 0
4 C0 2 0 12 0
0

0101000
+479 0 -477 0 *
Ve
1e-07
21 -32.35 9
0 0

0101101
*
Ed
 1e-07 1 1 0
1  26 0 0.500000000000002 21.5
4 C0 2 0 19 0
0

0101000
+477 0 -475 0 *
Ve
1e-07
21 -32.35 19.25
0 0

0101101
*
Ed
 1e-07 1 1 0
1  27 0 -16.5 -6.25
4 C0 2 0 20 0
0

0101000
+475 0 -473 0 *
Ve
1e-07
21 -28.1 23.5
0 0

0101101
*
Ed
 1e-07 1 1 0
1  28 0 -16.4402326625872 -10.4298250225016
4 C0 2 0 6 0
0

0101000
+473 0 -471 0 *
Ed
 1e-07 1 1 0
1  29 0 -9.5 -2.5
4 C0 2 0 21 0
0

0101000
+485 0 -471 0 *
Wi

0101100
-484 0 +530 0 -482 0 +480 0 +478 0 +476 0 +474 0 +472 0 +470 0 -469 0 
*
Fa
0  1e-07 2 0

0101000
-489 0 -486 0 -468 0 *
Ve
1e-07
22 -27.5926406871193 0
0 0

0101101
*
Ve
1e-07
22 -29.35 0
0 0

0101101
*
Ed
 1e-07 1 1 0
1  30 0 6.0926406871193 7.85
4 C0 22 0 23 0
0

0101000
+466 0 -465 0 *
Ve
1e-07
22 -29.35 1.75735931288072
0 0

0101101
*
Ed
 1e-07 1 1 0
1  31 0 -5.4852813742386 -3.00000000000003
4 C0 22 0 9 0
0

0101000
+466 0 -463 0 *
Ed
 1e-07 1 1 0
1  32 0 4.24264068711928 6
4 C0 22 0 24 0
0

0101000
+463 0 -465 0 *
Wi

0101100
-464 0 +462 0 +461 0 *
Fa
0  1e-07 22 0

0101000
+460 0 *
Ve
1e-07
-1.18356805183874 -32.2 0
0 0

0101101
*
Ve
1e-07
1.18356805183874 -32.2 0
0 0

0101101
*
Ed
 1e-07 1 1 0
1  33 0 -1.18356805183874 1.18356805183874
4 C0 25 0 23 0
0

0101000
+458 0 -457 0 *
Ve
1e-07
-1.18356805183874 -32.2 3
0 0

0101101
*
Ed
 1e-07 1 1 0
1  34 0 3 6
4 C0 25 0 26 0
0

0101000
+455 0 -458 0 *
Ve
1e-07
1.18356805183874 -32.2 3
0 0

0101101
*
Ed
 1e-07 1 1 0
1  35 0 -1.18356805183874 1.18356805183874
4 C0 25 0 27 0
0

0101000
+455 0 -453 0 *
Ed
 1e-07 1 1 0
1  36 0 3 6
4 C0 25 0 28 0
0

0101000
+453 0 -457 0 *
Wi

0101100
-456 0 -454 0 +452 0 +451 0 *
Fa
0  1e-07 25 0

0101000
+450 0 *
Ve
1e-07
1.18356805183896 -28.1 3
0 0

0101101
*
Ve
1e-07
-1.18356805183896 -28.1 3
0 0

0101101
*
Ed
 1e-07 1 1 0
1  37 0 -1.18356805183873 1.18356805183919
4 C0 29 0 27 0
0

0101000
+448 0 -447 0 *
Ve
1e-07
-1.18356805183896 -28.1 0
0 0

0101101
*
Ed
 1e-07 1 1 0
1  38 0 3 6
4 C0 29 0 30 0
0

0101000
+447 0 -445 0 *
Ve
1e-07
1.18356805183896 -28.1 0
0 0

0101101
*
Ed
 1e-07 1 1 0
1  39 0 -1.18356805183873 1.18356805183919
4 C0 29 0 23 0
0

0101000
+443 0 -445 0 *
Ed
 1e-07 1 1 0
1  40 0 3 6
4 C0 29 0 31 0
0

0101000
+448 0 -443 0 *
Wi

0101100
+446 0 +444 0 -442 0 -441 0 *
Fa
0  1e-07 29 0

0101000
+440 0 *
Ve
1e-07
2.36713610367758 -30.15 3
0 0

0101101
*
Ve
1e-07
2.36713610367758 -30.15 0
0 0

0101101
*
Ed
 1e-07 1 1 0
1  41 0 3 6
4 C0 31 0 28 0
0

0101000
+438 0 -437 0 *
Ed
 1e-07 1 1 0
1  42 0 -1.1835680518387 1.1835680518387
4 C0 31 0 27 0
0

0101000
+438 0 -448 0 *
Ed
 1e-07 1 1 0
1  43 0 -1.1835680518387 1.1835680518387
4 C0 31 0 23 0
0

0101000
+437 0 -443 0 *
Wi

0101100
-436 0 +435 0 +441 0 -434 0 *
Fa
0  1e-07 31 0

0101000
+433 0 *
Ed
 1e-07 1 1 0
1  44 0 -1.18356805183876 1.18356805183876
4 C0 28 0 27 0
0

0101000
+453 0 -438 0 *
Ed
 1e-07 1 1 0
1  45 0 -1.18356805183876 1.18356805183876
4 C0 28 0 23 0
0

0101000
+457 0 -437 0 *
Wi

0101100
-451 0 +431 0 +436 0 -430 0 *
Fa
0  1e-07 28 0

0101000
+429 0 *
Ve
1e-05
1.65 10 0
0 0

0101101
*
Ed
 1e-07 1 1 0
1  46 0 0 6.28318530717959
2  5 32 0 0 6.28318530717959
4 C0 32 0 23 0
0

0101000
+427 0 -427 0 *
Ve
1e-05
1.65 10 3
0 0

0101101
*
Ed
 1e-05 1 1 0
1  47 0 3 6
3  6 7CN 32 0 3 6
0

0101000
-427 0 +425 0 *
Ed
 1e-07 1 1 0
1  48 0 0 6.28318530717959
2  8 32 0 0 6.28318530717959
4 C0 32 0 33 0
0

0101000
-425 0 +425 0 *
Wi

0101100
+426 0 -424 0 -423 0 +424 0 *
Fa
0  1e-07 32 0

0101000
+422 0 *
Ve
1e-05
14.15 4.79449221866189e-15 0
0 0

0101101
*
Ed
 1e-07 1 1 0
1  49 0 0 6.28318530717959
2  9 34 0 0 6.28318530717959
4 C0 34 0 23 0
0

0101000
+420 0 -420 0 *
Ve
1e-05
14.15 4.79449221866189e-15 3
0 0

0101101
*
Ed
 1e-05 1 1 0
1  50 0 3 6
3  10 11CN 34 0 3 6
0

0101000
-420 0 +418 0 *
Ed
 1e-07 1 1 0
1  51 0 0 6.28318530717959
2  12 34 0 0 6.28318530717959
4 C0 34 0 35 0
0

0101000
-418 0 +418 0 *
Wi

0101100
+419 0 -417 0 -416 0 +417 0 *
Fa
0  1e-07 34 0

0101000
+415 0 *
Ve
1e-05
1.65 -10 0
0 0

0101101
*
Ed
 1e-07 1 1 0
1  52 0 0 6.28318530717959
2  13 36 0 0 6.28318530717959
4 C0 36 0 23 0
0

0101000
+413 0 -413 0 *
Ve
1e-05
1.65 -10 3
0 0

0101101
*
Ed
 1e-05 1 1 0
1  53 0 3 6
3  14 15CN 36 0 3 6
0

0101000
-413 0 +411 0 *
Ed
 1e-07 1 1 0
1  54 0 0 6.28318530717959
2  16 36 0 0 6.28318530717959
4 C0 36 0 37 0
0

0101000
-411 0 +411 0 *
Wi

0101100
+412 0 -410 0 -409 0 +410 0 *
Fa
0  1e-07 36 0

0101000
+408 0 *
Ve
1e-05
11.65 -21.15 0
0 0

0101101
*
Ed
 1e-07 1 1 0
1  55 0 0 6.28318530717959
2  17 38 0 0 6.28318530717959
4 C0 38 0 23 0
0

0101000
+406 0 -406 0 *
Ve
1e-05
11.65 -21.15 3
0 0

0101101
*
Ed
 1e-05 1 1 0
1  56 0 3 6
3  18 19CN 38 0 3 6
0

0101000
-406 0 +404 0 *
Ed
 1e-07 1 1 0
1  57 0 0 6.28318530717959
2  20 38 0 0 6.28318530717959
4 C0 38 0 39 0
0

0101000
-404 0 +404 0 *
Wi

0101100
+405 0 -403 0 -402 0 +403 0 *
Fa
0  1e-07 38 0

0101000
+401 0 *
Ve
1e-07
22 10.65 6
0 0

0101101
*
Ve
1e-07
22 -8.35 6
0 0

0101101
*
Ed
 1e-07 1 1 0
1  58 0 -32.15 -13.15
4 C0 40 0 41 0
0

0101000
+399 0 -398 0 *
Ve
1e-07
22 -8.35 0
0 0

0101101
*
Ed
 1e-07 1 1 0
1  59 0 -6 0
4 C0 40 0 11 0
0

0101000
+398 0 -396 0 *
Ve
1e-07
22 10.65 0
0 0

0101101
*
Ed
 1e-07 1 1 0
1  60 0 -32.15 -13.15
4 C0 40 0 23 0
0

0101000
+394 0 -396 0 *
Ed
 1e-07 1 1 0
1  61 0 -6 0
4 C0 40 0 42 0
0

0101000
+394 0 -399 0 *
Wi

0101100
+397 0 +395 0 -393 0 +392 0 *
Fa
0  1e-07 40 0

0101000
+391 0 *
Ve
1e-07
-19 13.65 0
0 0

0101101
*
Ve
1e-07
19 13.65 0
0 0

0101101
*
Ed
 1e-07 1 1 0
1  62 0 -19 19
4 C0 43 0 23 0
0

0101000
+389 0 -388 0 *
Ve
1e-07
-19 13.65 6
0 0

0101101
*
Ed
 1e-07 1 1 0
1  63 0 0 6
4 C0 43 0 44 0
0

0101000
+386 0 -389 0 *
Ve
1e-07
19 13.65 6
0 0

0101101
*
Ed
 1e-07 1 1 0
1  64 0 -19 19
4 C0 43 0 41 0
0

0101000
+386 0 -384 0 *
Ed
 1e-07 1 1 0
1  65 0 0 6
4 C0 43 0 42 0
0

0101000
+384 0 -388 0 *
Wi

0101100
-387 0 -385 0 +383 0 +382 0 *
Fa
0  1e-07 43 0

0101000
+381 0 *
Ve
1e-07
-10 -38.35 6
0 0

0101101
*
Ve
1e-07
10 -38.35 6
0 0

0101101
*
Ed
 1e-07 1 1 0
1  66 0 -5 15
4 C0 45 0 41 0
0

0101000
+379 0 -378 0 *
Ve
1e-07
-10 -38.35 0
0 0

0101101
*
Ed
 1e-07 1 1 0
1  67 0 0 6
4 C0 45 0 46 0
0

0101000
+379 0 -376 0 *
Ve
1e-07
10 -38.35 0
0 0

0101101
*
Ed
 1e-07 1 1 0
1  68 0 -5 15
4 C0 45 0 23 0
0

0101000
+376 0 -374 0 *
Ed
 1e-07 1 1 0
1  69 0 0 6
4 C0 45 0 24 0
0

0101000
+378 0 -374 0 *
Wi

0101100
-377 0 +375 0 +373 0 -372 0 *
Fa
0  1e-07 45 0

0101000
-371 0 *
Ed
 1e-07 1 1 0
1  70 0 -7.5 7.5
4 C0 24 0 23 0
0

0101000
+465 0 -374 0 *
Ed
 1e-07 1 1 0
1  71 0 0.0454533348853193 4.29199509353591
4 C0 24 0 9 0
0

0101000
+517 0 -463 0 *
Ve
1e-07
22 -29.35 6
0 0

0101101
*
Ed
 1e-07 1 1 0
1  72 0 6.43119694284406 10.804410863978
4 C0 24 0 8 0
0

0101000
+367 0 -517 0 *
Ed
 1e-07 1 1 0
1  73 0 -7.5 7.5
4 C0 24 0 41 0
0

0101000
+367 0 -378 0 *
Wi

0101100
-369 0 -461 0 -368 0 -366 0 +365 0 +372 0 *
Fa
0  1e-07 24 0

0101000
+364 0 *
Ve
1e-05
7.00000000000011 -30.15 6
0 0

0101101
*
Ed
 1e-07 1 1 0
1  74 0 0 6.28318530717959
2  21 47 0 0 6.28318530717959
4 C0 41 0 47 0
0

0101000
-362 0 +362 0 *
Wi

0101100
-361 0 *
Ve
1e-07
-22 10.65 6
0 0

0101101
*
Ed
 1e-07 1 1 0
1  75 0 -4.94974746830583 -0.707106781186549
4 C0 41 0 44 0
0

0101000
+386 0 -359 0 *
Ve
1e-07
-22 -8.35 6
0 0

0101101
*
Ed
 1e-07 1 1 0
1  76 0 -32.15 -13.15
4 C0 41 0 48 0
0

0101000
+359 0 -357 0 *
Ve
1e-07
-18 -8.35 6
0 0

0101101
*
Ed
 1e-07 1 1 0
1  77 0 -7 -3
4 C0 41 0 49 0
0

0101000
+355 0 -357 0 *
Ve
1e-07
-18 -29.35 6
0 0

0101101
*
Ed
 1e-07 1 1 0
1  78 0 -17 4
4 C0 41 0 50 0
0

0101000
+353 0 -355 0 *
Ve
1e-07
-22 -29.35 6
0 0

0101101
*
Ed
 1e-07 1 1 0
1  79 0 18 22
4 C0 41 0 51 0
0

0101000
+353 0 -351 0 *
Ed
 1e-07 1 1 0
1  80 0 -7.5 7.5
4 C0 41 0 46 0
0

0101000
+351 0 -379 0 *
Ve
1e-07
18 -29.35 6
0 0

0101101
*
Ed
 1e-07 1 1 0
1  81 0 18 22
4 C0 41 0 8 0
0

0101000
+348 0 -367 0 *
Ve
1e-07
18 -8.35 6
0 0

0101101
*
Ed
 1e-07 1 1 0
1  82 0 -17 4
4 C0 41 0 19 0
0

0101000
+348 0 -346 0 *
Ed
 1e-07 1 1 0
1  83 0 -7 -3
4 C0 41 0 52 0
0

0101000
+346 0 -398 0 *
Ed
 1e-07 1 1 0
1  84 0 -4.94974746830583 -0.707106781186549
4 C0 41 0 42 0
0

0101000
+384 0 -399 0 *
Wi

0101100
-383 0 +358 0 +356 0 -354 0 -352 0 +350 0 +349 0 +377 0 -365 0 -347 0 
+345 0 +344 0 -397 0 -343 0 *
Ve
1e-05
2.89999999999999 10 6
0 0

0101101
*
Ed
 1e-07 1 1 0
1  85 0 0 6.28318530717959
2  22 53 0 0 6.28318530717959
4 C0 41 0 53 0
0

0101000
-341 0 +341 0 *
Wi

0101100
-340 0 *
Ve
1e-05
2.89999999999999 -10 6
0 0

0101101
*
Ed
 1e-07 1 1 0
1  86 0 0 6.28318530717959
2  23 54 0 0 6.28318530717959
4 C0 41 0 54 0
0

0101000
-338 0 +338 0 *
Wi

0101100
-337 0 *
Ve
1e-05
12.9 -21.15 6
0 0

0101101
*
Ed
 1e-07 1 1 0
1  87 0 0 6.28318530717959
2  24 55 0 0 6.28318530717959
4 C0 41 0 55 0
0

0101000
-335 0 +335 0 *
Wi

0101100
-334 0 *
Ve
1e-05
15.4 5.38174421380679e-15 6
0 0

0101101
*
Ed
 1e-07 1 1 0
1  88 0 0 6.28318530717959
2  25 56 0 0 6.28318530717959
4 C0 41 0 56 0
0

0101000
-332 0 +332 0 *
Wi

0101100
-331 0 *
Ve
1e-05
-12.9 -21.15 6
0 0

0101101
*
Ed
 1e-07 1 1 0
1  89 0 0 6.28318530717959
2  26 57 0 0 6.28318530717959
4 C0 41 0 57 0
0

0101000
+329 0 -329 0 *
Wi

0101100
+328 0 *
Ve
1e-05
-15.4 5.38174421380679e-15 6
0 0

0101101
*
Ed
 1e-07 1 1 0
1  90 0 0 6.28318530717959
2  27 58 0 0 6.28318530717959
4 C0 41 0 58 0
0

0101000
+326 0 -326 0 *
Wi

0101100
+325 0 *
Fa
0  1e-07 41 0

0101000
+360 0 +342 0 +339 0 +336 0 +333 0 +330 0 +327 0 +324 0 *
Ve
1e-07
-2.36713610367758 -30.15 0
0 0

0101101
*
Ed
 1e-07 1 1 0
1  91 0 -1.18356805183876 1.18356805183876
4 C0 23 0 26 0
0

0101000
+458 0 -322 0 *
Ed
 1e-07 1 1 0
1  92 0 -1.1835680518387 1.1835680518387
4 C0 23 0 30 0
0

0101000
+322 0 -445 0 *
Wi

0101100
-321 0 +456 0 +430 0 +434 0 +442 0 -320 0 *
Wi

0101100
+412 0 *
Wi

0101100
+426 0 *
Wi

0101100
+405 0 *
Ve
1e-07
-22 -29.35 0
0 0

0101101
*
Ed
 1e-07 1 1 0
1  93 0 -7.5 7.5
4 C0 23 0 46 0
0

0101000
+315 0 -376 0 *
Ve
1e-07
-22 -27.5926406871193 0
0 0

0101101
*
Ed
 1e-07 1 1 0
1  94 0 6.0926406871193 7.85
4 C0 23 0 59 0
0

0101000
+313 0 -315 0 *
Ve
1e-07
-22 -8.35 0
0 0

0101101
*
Ed
 1e-07 1 1 0
1  95 0 -15 4.2426406871193
4 C0 23 0 60 0
0

0101000
+311 0 -313 0 *
Ve
1e-07
-22 10.65 0
0 0

0101101
*
Ed
 1e-07 1 1 0
1  96 0 -32.15 -13.15
4 C0 23 0 48 0
0

0101000
+309 0 -311 0 *
Ed
 1e-07 1 1 0
1  97 0 -4.24264068711929 0
4 C0 23 0 44 0
0

0101000
+309 0 -389 0 *
Ed
 1e-07 1 1 0
1  98 0 -4.24264068711929 0
4 C0 23 0 42 0
0

0101000
+394 0 -388 0 *
Ed
 1e-07 1 1 0
1  99 0 -15 4.2426406871193
4 C0 23 0 10 0
0

0101000
+396 0 -466 0 *
Wi

0101100
-373 0 -314 0 -312 0 -310 0 -308 0 +307 0 +387 0 -306 0 +393 0 +305 0 
+464 0 +369 0 *
Wi

0101100
+419 0 *
Ve
1e-05
-11.65 -21.15 0
0 0

0101101
*
Ed
 1e-07 1 1 0
1  100 0 0 6.28318530717959
2  28 61 0 0 6.28318530717959
4 C0 23 0 61 0
0

0101000
-302 0 +302 0 *
Wi

0101100
-301 0 *
Ve
1e-05
-14.15 4.79449221866189e-15 0
0 0

0101101
*
Ed
 1e-07 1 1 0
1  101 0 0 6.28318530717959
2  29 62 0 0 6.28318530717959
4 C0 23 0 62 0
0

0101000
-299 0 +299 0 *
Wi

0101100
-298 0 *
Fa
0  1e-07 23 0

0101000
-319 0 -318 0 -317 0 -316 0 -304 0 -303 0 -300 0 -297 0 *
Ve
1e-05
2.89999999999999 10 3
0 0

0101101
*
Ed
 1e-07 1 1 0
1  102 0 0 6.28318530717959
2  30 53 0 0 6.28318530717959
4 C0 53 0 33 0
0

0101000
+295 0 -295 0 *
Ed
 1e-05 1 1 0
1  103 0 0 3
3  31 32CN 53 0 0 3
0

0101000
+295 0 -341 0 *
Wi

0101100
+294 0 +293 0 -340 0 -293 0 *
Fa
0  1e-07 53 0

0101000
+292 0 *
Wi

0101100
-423 0 *
Wi

0101100
+294 0 *
Fa
0  1e-07 33 0

0101000
+290 0 +289 0 *
Ve
1e-05
15.4 5.38174421380679e-15 3
0 0

0101101
*
Ed
 1e-07 1 1 0
1  104 0 0 6.28318530717959
2  33 56 0 0 6.28318530717959
4 C0 56 0 35 0
0

0101000
+287 0 -287 0 *
Ed
 1e-05 1 1 0
1  105 0 0 3
3  34 35CN 56 0 0 3
0

0101000
+287 0 -332 0 *
Wi

0101100
+286 0 +285 0 -331 0 -285 0 *
Fa
0  1e-07 56 0

0101000
+284 0 *
Wi

0101100
-416 0 *
Wi

0101100
+286 0 *
Fa
0  1e-07 35 0

0101000
+282 0 +281 0 *
Ve
1e-05
2.89999999999999 -10 3
0 0

0101101
*
Ed
 1e-07 1 1 0
1  106 0 0 6.28318530717959
2  36 54 0 0 6.28318530717959
4 C0 54 0 37 0
0

0101000
+279 0 -279 0 *
Ed
 1e-05 1 1 0
1  107 0 0 3
3  37 38CN 54 0 0 3
0

0101000
+279 0 -338 0 *
Wi

0101100
+278 0 +277 0 -337 0 -277 0 *
Fa
0  1e-07 54 0

0101000
+276 0 *
Wi

0101100
-409 0 *
Wi

0101100
+278 0 *
Fa
0  1e-07 37 0

0101000
+274 0 +273 0 *
Ve
1e-05
12.9 -21.15 3
0 0

0101101
*
Ed
 1e-07 1 1 0
1  108 0 0 6.28318530717959
2  39 55 0 0 6.28318530717959
4 C0 55 0 39 0
0

0101000
+271 0 -271 0 *
Ed
 1e-05 1 1 0
1  109 0 0 3
3  40 41CN 55 0 0 3
0

0101000
+271 0 -335 0 *
Wi

0101100
