<?xml version='1.0' encoding='utf-8'?>
<!-- FreeCAD DocumentObject -->
<Document SchemaVersion="4" FileVersion="2">
<Object name="Solid074">
  <Properties Count="8" TransientCount="1">
    <_Property name="_ElementMapVersion" type="App::PropertyString" status="234881024"/>
    <Property name="ColoredElements" type="App::PropertyLinkSubHidden" status="218103808">
      <LinkSub value="" count="0">
      </LinkSub>
    </Property>
    <Property name="ExpressionEngine" type="App::PropertyExpressionEngine" status="67108864">
      <ExpressionEngine count="0"></ExpressionEngine>
    </Property>
    <Property name="Label" type="App::PropertyString" status="134217728">
      <String value="Screw"/>
    </Property>
    <Property name="Label2" type="App::PropertyString" status="128">
      <String value=""/>
    </Property>
    <Property name="Placement" type="App::PropertyPlacement" status="8388608">
      <PropertyPlacement Px="0" Py="0" Pz="0" Q0="0" Q1="0" Q2="0" Q3="1" A="0" Ox="0" Oy="0" Oz="1"/>
    </Property>
    <Property name="Shape" type="Part::PropertyPartShape">
      <Part ElementMap="0.15.70200.4" brep="1">
<![CDATA[

CASCADE Topology V1, (c) Matra-Datavision
Locations 0
Curve2ds 62
7 0 0  3 25 23  5.2723901964058033 2.0149082151431545  5.2743077714799433 1.9843671964850065  5.2781836320488367 1.9232857728149446  5.2841250510020039 1.8316656533486988  5.2901994948227653 1.7400477232182816  5.2964127105246259 1.6484321620317277  5.3027706912882557 1.5568191538938128  5.3092797218233496 1.4652088882779748  5.3159463846119532 1.3736015602066309  5.3227775775888544 1.2819973706470331  5.329780529739776 1.1903965268820442  5.3369628182632098 1.0987992429227447  5.3443323863354877 1.0072057399478249  5.3518975617463083 0.91561624677654219  5.3596670763291723 0.82403100037665877  5.3676500862054564 0.73245024641056344  5.375856192764263 0.64087423982128233  5.3842954645149694 0.54930324546558107  5.392978459093948 0.45773753878154794  5.4019162477968097 0.36617740655452446  5.4111204333668654 0.27462314755732936  5.4206031950707052 0.18307507392046879  5.4303772333344744 0.091533510054777806  5.437096470910082 0.030510370688672024  5.4405091095847515 5.0339408123797028e-15 
 0.00101385342436299 4 0.0011055640097269389 1 0.0011972745950908881 1 0.0012889851804548371 1 0.0013806957658187863 1 0.0014724063511827353 1 0.0015641169365466843 1 0.0016558275219106335 1 0.0017475381072745827 1 0.0018392486926385317 1 0.0019309592780024807 1 0.0020226698633664299 1 0.0021143804487303791 1 0.0022060910340943284 1 0.0022978016194582771 1 0.0023895122048222263 1 0.0024812227901861751 1 0.0025729333755501243 1 0.0026646439609140735 1 0.0027563545462780227 1 0.0028480651316419719 1 0.0029397757170059207 1 0.0030314863023698699 4
7 0 0  3 25 23  1.0107951107738389 2.0149082151431577  1.0088775356996937 1.9843671964850094  1.0050016751307922 1.9232857728149508  0.99906025617762273 1.8316656533487106  0.99298581235684069 1.7400477232182803  0.9867725966549884 1.6484321620317295  0.98041461589133816 1.5568191538938121  0.97390558535625626 1.4652088882779799  0.96723892256764121 1.3736015602066356  0.96040772959073728 1.2819973706470313  0.95340477743982166 1.1903965268820431  0.94622248891638527 1.0987992429227438  0.93885292084410643 1.0072057399478247  0.93128774543328652 0.91561624677653519  0.92351823085042417 0.82403100037665655  0.91553522097414541 0.73245024641056899  0.90732911441532182 0.64087423982127079  0.89888984266466021 0.54930324546558784  0.89020684808563488 0.45773753878153961  0.88126905938279421 0.36617740655451758  0.87206487381272324 0.27462314755732847  0.8625821121089039 0.18307507392048358  0.85280807384511348 0.091533510054768619  0.84608883626950249 0.030510370688661703  0.84267619759483814 2.9584082928139175e-15 
 0.00101385342436298 4 0.0011055640097269301 1 0.0011972745950908799 1 0.00128898518045483 1 0.0013806957658187798 1 0.0014724063511827299 1 0.00156411693654668 1 0.0016558275219106301 1 0.0017475381072745799 1 0.0018392486926385298 1 0.0019309592780024799 1 0.0020226698633664299 1 0.00211438044873038 1 0.0022060910340943301 1 0.0022978016194582802 1 0.0023895122048222298 1 0.0024812227901861799 1 0.00257293337555013 1 0.0026646439609140796 1 0.0027563545462780297 1 0.0028480651316419798 1 0.0029397757170059298 1 0.0030314863023698799 4
7 0 0  3 25 23  4.1523877643636427 2.0149082151431572  4.1504701892895008 1.9843671964850091  4.1465943287205969 1.9232857728149506  4.1406529097674101 1.8316656533487106  4.1345784659466434 1.7400477232182803  4.1283652502447827 1.6484321620317295  4.1220072694811423 1.5568191538938116  4.1154982389460573 1.4652088882779799  4.1088315761574314 1.3736015602066349  4.1020003831805445 1.2819973706470309  4.0949974310296087 1.1903965268820433  4.087815142506189 1.0987992429227433  4.0804455744338926 1.0072057399478254  4.0728803990231084 0.91561624677653453  4.0651108844402035 0.82403100037665655  4.0571278745639585 0.73245024641056877  4.0489217680051155 0.64087423982127067  4.0404824962544357 0.54930324546558851  4.0317995016754464 0.45773753878153906  4.0228617129725928 0.36617740655451719  4.0136575274025326 0.2746231475573287  4.0041747656986848 0.18307507392048358  3.9944007274349351 0.091533510054768286  3.9876814898593174 0.030510370688661515  3.9842688511846327 3.0281090117545596e-15 
 0.00101385342436298 4 0.0011055640097269301 1 0.0011972745950908799 1 0.00128898518045483 1 0.0013806957658187798 1 0.0014724063511827299 1 0.00156411693654668 1 0.0016558275219106301 1 0.0017475381072745799 1 0.0018392486926385298 1 0.0019309592780024799 1 0.0020226698633664299 1 0.00211438044873038 1 0.0022060910340943301 1 0.0022978016194582802 1 0.0023895122048222298 1 0.0024812227901861799 1 0.00257293337555013 1 0.0026646439609140796 1 0.0027563545462780297 1 0.0028480651316419798 1 0.0029397757170059298 1 0.0030314863023698799 4
7 0 0  3 25 23  2.1307975428160075 2.0149082151431541  2.1327151178901382 1.9843671964850096  2.1365909784590302 1.9232857728149502  2.1425323974122152 1.8316656533486972  2.148606841232962 1.7400477232182818  2.1548200569348319 1.6484321620317279  2.1611780376984582 1.5568191538938108  2.1676870682335516 1.4652088882779795  2.1743537310221548 1.3736015602066349  2.1811849239990582 1.2819973706470316  2.188187876149974 1.1903965268820438  2.1953701646734216 1.0987992429227456  2.2027397327456923 1.007205739947824  2.2103049081565107 0.9156162467765453  2.2180744227393685 0.8240310003766429  2.2260574326156726 0.73245024641057832  2.2342635391744636 0.64087423982126002  2.2427028109251697 0.54930324546558884  2.2513858055041505 0.4577375387815415  2.2603235942070157 0.36617740655452063  2.2695277797770728 0.2746231475573287  2.2790105414809041 0.18307507392047337  2.2887845797446547 0.091533510054776973  2.2955038173202698 0.030510370688670338  2.2989164559949513 4.9874736664192743e-15 
 0.00101385342436299 4 0.0011055640097269396 1 0.001197274595090889 1 0.0012889851804548387 1 0.0013806957658187881 1 0.0014724063511827377 1 0.0015641169365466874 1 0.0016558275219106368 1 0.0017475381072745862 1 0.0018392486926385359 1 0.0019309592780024855 1 0.0020226698633664351 1 0.0021143804487303844 1 0.002206091034094334 1 0.0022978016194582836 1 0.0023895122048222328 1 0.0024812227901861829 1 0.0025729333755501321 1 0.0026646439609140818 1 0.0027563545462780314 1 0.0028480651316419806 1 0.0029397757170059307 1 0.0030314863023698799 4
1 -2.6645352591003757e-15 0.58461299667644018 1 6.6608095825479193e-15 
1 2.6645352591003757e-15 0.58461299667639977 1 1.4986821560731172e-14 
1 1.7763568394002505e-15 0.58461299667647726 1 0 
1 2.6645352591003757e-15 0.58461299667647881 1 -4.1630059890923524e-16 
1 0 0.58461299667648614 1 -3.3304047912716968e-15 
1 -4.4408920985006262e-15 0.58461299667645694 1 9.5749137749070692e-15 
1 -4.4408920985006262e-15 0.58461299667648392 1 -4.1630059890896519e-15 
7 0 0  3 25 23  4.2509566790508728 -8.2420530183593817e-15  4.2650974138593414 0.0080492964715307806  4.2933360177913737 0.023484076784803465  4.3355768193852819 0.044596593571617014  4.3777119792686108 0.063619359181967941  4.4197530655844108 0.080508862071398096  4.4617117025598763 0.095226039091170916  4.503599571523675 0.10773696525697279  4.5454283991589319 0.11801277133585511  4.5872099498339107 0.12602975349910933  4.6289560173923148 0.13176941646966814  4.6706784175351537 0.13521851928114698  4.7123889803846497 0.13636910499462013  4.7540995432341617 0.13521851928114195  4.7958219433769855 0.13176941646966539  4.8375680109353949 0.12602975349910148  4.8793495616103764 0.11801277133584306  4.9211783892456324 0.10773696525695897  4.9630662582094338 0.095226039091146117  5.005024895184893 0.080508862071376364  5.0470659815007064 0.063619359181941046  5.0892011413840343 0.044596593571586643  5.131441942977947 0.023484076784769527  5.1596805469099776 0.0080492964714941936  5.1738212817184408 -4.6331274806480878e-14 
 5.7547968126371165 4 5.8028321303227983 1 5.850867448008481 1 5.8989027656941628 1 5.9469380833798446 1 5.9949734010655273 1 6.0430087187512092 1 6.091044036436891 1 6.1390793541225737 1 6.1871146718082555 1 6.2351499894939373 1 6.28318530717962 1 6.3312206248653018 1 6.3792559425509836 1 6.4272912602366663 1 6.4753265779223481 1 6.5233618956080299 1 6.5713972132937126 1 6.6194325309793944 1 6.6674678486650762 1 6.7155031663507581 1 6.7635384840364408 1 6.8115738017221226 4
7 0 0  3 25 23  1.1093640254611499 -5.1062125610019646e-14  1.1235047602696173 0.0080492964714891299  1.151743364201649 0.023484076784764222  1.1939841657955519 0.044596593571581765  1.2361193256788805 0.063619359181936466  1.2781604119946754 0.080508862071370202  1.3201190489701322 0.095226039091146131  1.362006917933926 0.10773696525695739  1.4038357455691808 0.11801277133584212  1.4456172962441445 0.12602975349909884  1.4873633638025472 0.13176941646966919  1.5290857639453792 0.13521851928114256  1.5707963267948697 0.13636910499462723  1.6125068896443735 0.13521851928115158  1.6542292897871926 0.13176941646967713  1.6959753573455949 0.12602975349912329  1.7377569080205679 0.11801277133586703  1.779585735655816 0.10773696525698558  1.8214736046196178 0.095226039091182338  1.8634322415950721 0.080508862071414583  1.9054733279108644 0.063619359181982346  1.9476084877941844 0.044596593571636416  1.9898492893880952 0.023484076784826488  2.0180878933201241 0.008049296471554078  2.0322286281285846 1.3954579276683732e-14 
 5.7547968126370233 4 5.8028321303227051 1 5.8508674480083869 1 5.8989027656940687 1 5.9469380833797505 1 5.9949734010654323 1 6.0430087187511141 1 6.0910440364367959 1 6.1390793541224777 1 6.1871146718081595 1 6.2351499894938414 1 6.2831853071795223 1 6.331220624865205 1 6.3792559425508859 1 6.4272912602365677 1 6.4753265779222495 1 6.5233618956079313 1 6.5713972132936131 1 6.619432530979295 1 6.6674678486649768 1 6.7155031663506586 1 6.7635384840363404 1 6.8115738017220222 4
7 0 0  3 25 23  3.701593869610909 2.0149082151431541  3.7035114446850468 1.9843671964850056  3.7073873052539401 1.9232857728149473  3.7133287242071118 1.8316656533487115  3.7194031680278674 1.7400477232182732  3.7256163837297263 1.648432162031727  3.731974364493361 1.5568191538938241  3.7384833950284535 1.4652088882779701  3.7451500578170571 1.3736015602066378  3.7519812507939614 1.2819973706470291  3.7589842029448803 1.19039652688205  3.7661664914683137 1.0987992429227438  3.7735360595405947 1.0072057399478265  3.7811012349514068 0.91561624677653575  3.7888707495342833 0.824031000376659  3.7968537594105496 0.73245024641056833  3.805059865969378 0.64087423982128189  3.813499137720068 0.54930324546557963  3.822182132299051 0.45773753878155321  3.8311199210019149 0.36617740655452485  3.8403241065719724 0.27462314755732159  3.8498068682758095 0.18307507392047534  3.8595809065395752 0.091533510054776862  3.8663001441151836 0.030510370688670112  3.8697127827898572 4.9410065204588465e-15 
 0.0010138534242832801 4 0.0011055640096472295 1 0.0011972745950111791 1 0.0012889851803751285 1 0.0013806957657390782 1 0.0014724063511030276 1 0.0015641169364669773 1 0.0016558275218309267 1 0.0017475381071948761 1 0.0018392486925588258 1 0.0019309592779227754 1 0.0020226698632867246 1 0.0021143804486506742 1 0.0022060910340146239 1 0.0022978016193785731 1 0.0023895122047425232 1 0.0024812227901064724 1 0.0025729333754704216 1 0.0026646439608343717 1 0.0027563545461983209 1 0.0028480651315622705 1 0.0029397757169262202 1 0.0030314863022901698 4
7 0 0  3 25 23  2.5815914375687394 2.0149082151431572  2.5796738624945963 1.9843671964850083  2.5757980019256941 1.9232857728149464  2.5698565829725148 1.8316656533487021  2.5637821391517455 1.7400477232182774  2.5575689234498866 1.6484321620317295  2.5512109426862395 1.5568191538938168  2.5447019121511589 1.4652088882779786  2.538035249362542 1.3736015602066363  2.5312040563856377 1.2819973706470247  2.5242011042347174 1.1903965268820453  2.5170188157112809 1.0987992429227424  2.5096492476390071 1.0072057399478265  2.5020840722281865 0.91561624677652864  2.4943145576453216 0.82403100037665822  2.4863315477690424 0.73245024641056788  2.4781254412102283 0.64087423982127056  2.469686169459548 0.54930324546559128  2.4610031748805432 0.45773753878152701  2.4520653861776909 0.3661774065545208  2.4428612006076271 0.27462314755732786  2.4333784389037936 0.18307507392046163  2.4236044006400141 0.091533510054771214  2.4168851630644022 0.030510370688667989  2.4134725243897335 3.1287878280021535e-15 
 0.00101385342428329 4 0.0011055640096472397 1 0.0011972745950111891 1 0.0012889851803751387 1 0.0013806957657390884 1 0.0014724063511030378 1 0.0015641169364669874 1 0.0016558275218309369 1 0.0017475381071948865 1 0.0018392486925588362 1 0.0019309592779227856 1 0.002022669863286735 1 0.0021143804486506851 1 0.0022060910340146343 1 0.0022978016193785839 1 0.0023895122047425336 1 0.0024812227901064828 1 0.0025729333754704329 1 0.0026646439608343821 1 0.0027563545461983317 1 0.0028480651315622814 1 0.0029397757169262306 1 0.0030314863022901802 4
7 0 0  3 25 23  2.6801603522560535 -5.1364162058762429e-14  2.6943010870645145 0.0080492964714913937  2.7225396909965451 0.023484076784768333  2.7647804925904613 0.044596593571583999  2.8069156524737795 0.063619359181944293  2.8489567387895907 0.080508862071376974  2.8909153757650405 0.09522603909115282  2.9328032447288463 0.1077369652569648  2.9746320723641033 0.1180127713358483  3.0164136230390768 0.12602975349910767  3.0581596905974866 0.13176941646967086  3.0998820907403144 0.13521851928114731  3.1415926535898149 0.13636910499462754  3.1833032164393154 0.13521851928114606  3.2250256165821454 0.13176941646967624  3.2667716841405485 0.12602975349910958  3.3085532348155242 0.11801277133585776  3.3503820624507803 0.10773696525697224  3.3922699314145741 0.095226039091159662  3.4342285683900373 0.080508862071389783  3.4762696547058329 0.063619359181954299  3.5184048145891644 0.044596593571600632  3.5606456161830757 0.023484076784783425  3.5888842201151037 0.0080492964715064546  3.6030249549235642 -3.5755187270965062e-14 
 5.7547968126370268 4 5.8028321303227131 1 5.8508674480083984 1 5.8989027656940847 1 5.94693808337977 1 5.9949734010654563 1 6.0430087187511417 1 6.0910440364368279 1 6.1390793541225133 1 6.1871146718081995 1 6.2351499894938858 1 6.2831853071795711 1 6.3312206248652565 1 6.3792559425509427 1 6.427291260236629 1 6.4753265779223144 1 6.5233618956080006 1 6.571397213293686 1 6.6194325309793722 1 6.6674678486650576 1 6.7155031663507438 1 6.7635384840364292 1 6.8115738017221155 4
7 0 0  3 25 23  5.7231840911585321 2.0149082151431577  5.721266516084393 1.9843671964850087  5.7173906555154925 1.9232857728149504  5.7114492365623102 1.8316656533487132  5.7053747927415337 1.7400477232182745  5.6991615770396793 1.6484321620317284  5.692803596276037 1.5568191538938252  5.6862945657409458 1.4652088882779708  5.6796279029523253 1.373601560206638  5.6727967099754384 1.2819973706470287  5.6657937578245088 1.1903965268820498  5.6586114693010821 1.0987992429227427  5.6512419012287927 1.0072057399478251  5.6436767258179863 0.91561624677653486  5.635907211235117 0.82403100037665733  5.6279242013588515 0.73245024641056644  5.6197180948000138 0.64087423982127945  5.6112788230493491 0.54930324546557885  5.6025958284703306 0.45773753878154971  5.5936580397674955 0.36617740655452374  5.5844538541974229 0.27462314755731937  5.5749710924935867 0.18307507392047345  5.5651970542298317 0.091533510054774739  5.5584778166542108 0.030510370688668107  5.555065177979527 3.1055542550219396e-15 
 0.0010138534242832801 4 0.0011055640096472295 1 0.0011972745950111791 1 0.0012889851803751285 1 0.0013806957657390782 1 0.0014724063511030276 1 0.0015641169364669773 1 0.0016558275218309267 1 0.0017475381071948761 1 0.0018392486925588258 1 0.0019309592779227754 1 0.0020226698632867246 1 0.0021143804486506742 1 0.0022060910340146239 1 0.0022978016193785731 1 0.0023895122047425232 1 0.0024812227901064724 1 0.0025729333754704216 1 0.0026646439608343717 1 0.0027563545461983209 1 0.0028480651315622705 1 0.0029397757169262202 1 0.0030314863022901698 4
7 0 0  3 25 23  0.56000121602110964 2.0149082151431545  0.56191879109524179 1.9843671964850045  0.56579465166413445 1.923285772814944  0.57173607061731657 1.8316656533487057  0.57781051443806519 1.7400477232182747  0.58402373013992981 1.6484321620317268  0.59038171090356217 1.5568191538938239  0.59689074143865561 1.4652088882779712  0.60355740422726067 1.373601560206636  0.61038859720415861 1.2819973706470371  0.61739154935508411 1.1903965268820431  0.62457383787851495 1.0987992429227449  0.63194340595079657 1.0072057399478263  0.63950858136160316 0.91561624677653508  0.64727809594449071 0.82403100037666366  0.65526110582075447 0.73245024641056922  0.66346721237957529 0.64087423982127389  0.67190648413027787 0.54930324546558973  0.68058947870925268 0.45773753878154239  0.68952726741210235 0.3661774065545193  0.69873145298217343 0.27462314755733441  0.70821421468601786 0.18307507392047379  0.71798825294975621 0.091533510054772213  0.72470749052536942 0.030510370688667052  0.72812012920005587 4.9797291420925367e-15 
 0.0010138534242832801 4 0.0011055640096472301 1 0.00119727459501118 1 0.0012889851803751301 1 0.0013806957657390801 1 0.00147240635110303 1 0.0015641169364669801 1 0.0016558275218309299 1 0.00174753810719488 1 0.0018392486925588301 1 0.0019309592779227799 1 0.0020226698632867298 1 0.0021143804486506799 1 0.00220609103401463 1 0.00229780161937858 1 0.0023895122047425301 1 0.0024812227901064802 1 0.0025729333754704303 1 0.0026646439608343799 1 0.00275635454619833 1 0.0028480651315622796 1 0.0029397757169262297 1 0.0030314863022901802 4
7 0 0  3 25 23  5.8217530058457694 -7.9632501425968135e-15  5.8358937406542317 0.0080492964715323592  5.8641323445862561 0.023484076784804228  5.9063731461801643 0.044596593571612483  5.9485083060634949 0.06361935918196443  5.9905493923792932 0.080508862071395751  6.0325080293547408 0.095226039091161868  6.0743958983185466 0.10773696525697068  6.1162247259538072 0.11801277133585129  6.1580062766287575 0.12602975349910625  6.1997523441871794 0.1317694164696647  6.2414747443300005 0.13521851928114242  6.2831853071794965 0.13636910499462149  6.3248958700290014 0.13521851928114093  6.3666182701718261 0.13176941646966892  6.4083643377302328 0.12602975349910889  6.4501458884052036 0.11801277133585232  6.4919747160404606 0.10773696525697821  6.5338625850042549 0.095226039091167544  6.5758212219797141 0.080508862071400442  6.6178623082955186 0.063619359181973437  6.6599974681788421 0.044596593571625612  6.7022382697727538 0.023484076784815785  6.7304768737047809 0.0080492964715453471  6.7446176085132423 7.216843112421669e-15 
 5.7547968126371192 4 5.8028321303227965 1 5.8508674480084739 1 5.8989027656941513 1 5.9469380833798287 1 5.994973401065506 1 6.0430087187511843 1 6.0910440364368617 1 6.139079354122539 1 6.1871146718082164 1 6.2351499894938938 1 6.2831853071795711 1 6.3312206248652485 1 6.3792559425509259 1 6.4272912602366032 1 6.4753265779222806 1 6.5233618956079589 1 6.5713972132936362 1 6.6194325309793136 1 6.667467848664991 1 6.7155031663506684 1 6.7635384840363457 1 6.8115738017220231 4
1 0 -6.3499999999999979 1 0 
1 -8.8817841970012523e-16 2.0149082151431568 1 0 
1 4.8849813083506888e-15 2.0149082151431563 1 0 
1 -4.4408920985006262e-16 2.0149082151431563 1 0 
1 -4.8849813083506888e-15 2.0149082151431572 1 -9.8512693942684153e-16 
1 0 -6.75 1 0 
1 0 0 1 0 
1 6.2831853071795862 0 0 1 
1 0 0 0 1 
1 0 -1.4363961030678651 1 0 
1 0 8.6393797973718733 1 0 
1 6.2831853071795862 0 0 1 
1 0 0 0 1 
1 0 -8.3313708498985015 1 0 
1 0 9.4247779607693793 1 0 
1 6.2831853071795862 0 0 1 
1 0 0 0 1 
1 5.3292699830617316 -24.850000000000001 -1 0 
1 11.612455290241318 -24.850000000000001 -1 0 
1 6.2831853071795862 6.2831853071795862 0 1 
1 0 6.2831853071795862 0 1 
1 -3.5527136788005009e-15 0.58461299667648892 1 -1.4570520961812596e-14 
1 6.2172489379008766e-15 1.421662395101566e-14 1 -2.5689771702180821e-15 
1 6.2172489379008766e-15 0.58461299667667632 1 -3.5858643271153615e-14 
1 -1.4432899320127035e-15 -9.6125273706924496e-16 1 1.3520932474851772e-15 
1 -1.7763568394002505e-15 0.58461299667646482 1 1.8413897896024715e-14 
1 3.5527136788005009e-15 -3.1582229645258254e-16 1 6.7604662374143803e-17 
1 3.5527136788005009e-15 0.58461299667647337 1 9.6915252084175671e-16 
1 -4.4408920985006262e-16 1.157623014779593e-15 1 -4.7323263661971852e-16 
1 0 0.58461299667649447 1 -6.7840676459025013e-15 
1 7.1054273576010019e-15 -4.6467145960428023e-17 1 0 
1 7.1054273576010019e-15 0.58461299667647726 1 0 
1 -2.886579864025407e-15 3.613475063367109e-16 1 -2.3497128454366484e-16 
1 -2.6645352591003757e-15 0.5846129966764827 1 -3.1278476340752875e-15 
1 3.9968028886505635e-15 -4.6467145960428023e-17 1 0 
1 3.5527136788005009e-15 0.58461299667647726 1 0 
1 0 -1.4448095755045832e-15 1 2.6014677931620806e-16 
1 -8.8817841970012523e-16 0.58461299667645861 1 3.4887531303148434e-15 
1 6.2831853071795862 1.8974084600510548e-16 1 2.6014677931620806e-16 
1 -8.8817841970012523e-16 0.58461299667648048 1 3.4887531303148434e-15 
1 6.2831853071795862 0 0 1 
1 0 0 0 1 
1 0 -1.0566536762344248e-15 1 0 
Curves 78
1 14.330455124836199 16.509487387230902 -23.150000000000002 0.57849385373089712 -0.81568674207417113 -1.1102230246251602e-16 
7 0 0  3 4 2  15.539598419635 14.804573586549299 -23.150000000000002  15.5075965312829 14.8496968249066 -22.479734301904802  15.4745667893842 14.8962693552578 -21.809593048494499  15.4382785213945 14.947436466025101 -21.140000000000001 
 0.00101385342436299 4 0.0030314863023698699 4
1 14.910192083528701 15.6920478447948 -21.140000000000001 0.57849385373089668 -0.81568674207417147 -1.1102230246251593e-16 
1 16.065936686028898 14.0624271610083 -23.150000000000002 -0.25812265786002614 0.36395759174878517 0.89493439139844244 
1 14.910192083528701 15.6920478447948 -21.140000000000001 0.57849385373089668 -0.81568674207417147 -1.1102230246251593e-16 
7 0 0  3 4 2  14.8567933912301 15.767340961689898 -23.150000000000002  14.888795279582199 15.722217723332502 -22.479734301904802  14.921825021480901 15.6756451929813 -21.809593048494499  14.958113289470601 15.624478082214001 -21.140000000000001 
 0.00101385342436298 4 0.0030314863023698799 4
1 14.330455124836199 16.509487387230902 -23.150000000000002 0.57849385373089712 -0.81568674207417113 -1.1102230246251602e-16 
1 14.330455124836199 16.509487387230902 -23.150000000000002 0.25812265786002614 -0.36395759174878517 0.89493439139844244 
1 16.089807916471301 15.3079521552052 -21.140000000000001 -0.57849385373089668 0.81568674207417147 1.1102230246251593e-16 
7 0 0  3 4 2  16.143206608769898 15.2326590383101 -23.150000000000002  16.111204720417799 15.2777822766675 -22.479734301904802  16.078174978519101 15.3243548070187 -21.809593048494499  16.041886710529401 15.375521917785999 -21.140000000000001 
 0.00101385342436298 4 0.0030314863023698799 4
1 16.669544875163801 14.4905126127692 -23.150000000000002 -0.57849385373089712 0.81568674207417113 1.1102230246251602e-16 
1 16.669544875163801 14.4905126127692 -23.150000000000002 -0.25812265786002614 0.36395759174878517 0.89493439139844244 
1 16.669544875163801 14.4905126127692 -23.150000000000002 -0.57849385373089712 0.81568674207417113 1.1102230246251602e-16 
7 0 0  3 4 2  15.460401580365 16.195426413450701 -23.150000000000002  15.4924034687171 16.150303175093399 -22.479734301904802  15.5254332106158 16.1037306447422 -21.809593048494499  15.561721478605499 16.052563533974901 -21.140000000000001 
 0.00101385342436299 4 0.0030314863023698799 4
1 16.089807916471301 15.3079521552052 -21.140000000000001 -0.57849385373089668 0.81568674207417147 1.1102230246251593e-16 
1 14.9340633139711 16.937572838991702 -23.150000000000002 0.25812265786002614 -0.36395759174878517 0.89493439139844244 
1 14.879866703444399 15.5138002726636 -21.140000000000001 0.57849385373090012 -0.81568674207416914 -1.1102230246251602e-16 
2 15.5 15.5 -21.140000000000001 -5.5511151231257802e-17 1.3877787807814501e-16 -1 -0.81568674207417113 -0.57849385373089712 -3.5002439405411402e-17 -0.57849385373089712 0.81568674207417113 1.453121350423376e-16 0.55599999999999994
1 15.3079521552052 14.910192083528701 -21.140000000000001 0.81568674207416914 0.57849385373090012 -1.1102230246251501e-16 
2 15.5 15.5 -21.140000000000001 -5.5511151231257802e-17 1.3877787807814501e-16 -1 -0.81568674207417113 -0.57849385373089712 -3.5002439405411402e-17 -0.57849385373089712 0.81568674207417113 1.453121350423376e-16 0.55599999999999994
1 15.4861997273364 14.879866703444399 -21.140000000000001 0.81568674207417113 0.57849385373089712 -1.1102230246251602e-16 
1 15.4861997273364 14.879866703444399 -21.140000000000001 0.81568674207417113 0.57849385373089712 -1.1102230246251602e-16 
2 15.5 15.5 -21.140000000000001 -5.5511151231257802e-17 1.3877787807814501e-16 -1 -0.81568674207417113 -0.57849385373089712 -3.5002439405411402e-17 -0.57849385373089712 0.81568674207417113 1.453121350423376e-16 0.55599999999999994
1 15.3079521552052 14.910192083528701 -21.140000000000001 0.81568674207416914 0.57849385373090012 -1.1102230246251501e-16 
2 15.5 15.5 -21.140000000000001 -5.5511151231257802e-17 1.3877787807814501e-16 -1 -0.81568674207417113 -0.57849385373089712 -3.5002439405411402e-17 -0.57849385373089712 0.81568674207417113 1.453121350423376e-16 0.55599999999999994
1 16.120133296555601 15.4861997273364 -21.140000000000001 -0.57849385373090012 0.81568674207416914 1.1102230246251602e-16 
1 16.120133296555601 15.4861997273364 -21.140000000000001 -0.57849385373090012 0.81568674207416914 1.1102230246251602e-16 
2 15.5 15.5 -21.140000000000001 -5.5511151231257802e-17 1.3877787807814501e-16 -1 -0.81568674207417113 -0.57849385373089712 -3.5002439405411402e-17 -0.57849385373089712 0.81568674207417113 1.453121350423376e-16 0.55599999999999994
1 15.6920478447948 16.089807916471301 -21.140000000000001 -0.81568674207416914 -0.57849385373090012 1.1102230246251501e-16 
2 15.5 15.5 -21.140000000000001 -5.5511151231257802e-17 1.3877787807814501e-16 -1 -0.81568674207417113 -0.57849385373089712 -3.5002439405411402e-17 -0.57849385373089712 0.81568674207417113 1.453121350423376e-16 0.55599999999999994
1 15.5138002726636 16.120133296555601 -21.140000000000001 -0.81568674207417113 -0.57849385373089712 1.1102230246251602e-16 
1 15.5138002726636 16.120133296555601 -21.140000000000001 -0.81568674207417113 -0.57849385373089712 1.1102230246251602e-16 
2 15.5 15.5 -21.140000000000001 -5.5511151231257802e-17 1.3877787807814501e-16 -1 -0.81568674207417113 -0.57849385373089712 -3.5002439405411402e-17 -0.57849385373089712 0.81568674207417113 1.453121350423376e-16 0.55599999999999994
3 15.5402371675059 15.443264869866001 -20.280970800855801 -0.51771404491639927 0.72998611808992719 -0.44619775334743617 0.25812265786002608 -0.36395759174878517 -0.89493439139844244 -0.8156867420741718 -0.57849385373089623 2.2204460492503131e-16 1.1114597126877599 0.49102900145335798
1 16.065936686028898 14.0624271610083 -23.150000000000002 0.81568674207417191 0.57849385373089601 -1.1102230246251597e-16 
3 15.4597628324941 15.556735130134101 -20.280970800855801 0.51771404491639927 -0.72998611808992719 -0.44619775334743617 -0.25812265786002608 0.36395759174878517 -0.89493439139844244 0.8156867420741718 0.57849385373089623 2.2204460492503131e-16 1.1114597126877599 0.49102900145335798
1 14.9340633139711 16.937572838991702 -23.150000000000002 -0.81568674207417191 -0.57849385373089601 1.1102230246251597e-16 
1 14.4905126127692 14.330455124836199 -23.150000000000002 0.81568674207416914 0.57849385373090012 -1.1102230246251501e-16 
7 0 0  3 4 2  16.195426413450701 15.539598419635 -23.150000000000002  16.150303175093399 15.5075965312829 -22.479734301904802  16.1037306447422 15.4745667893842 -21.809593048494499  16.052563533974901 15.4382785213945 -21.140000000000001 
 0.0010138534242832801 4 0.0030314863022901698 4
1 16.937572838991702 16.065936686028898 -23.150000000000002 -0.36395759174878434 -0.25812265786002725 0.89493439139844255 
7 0 0  3 4 2  15.767340961689898 16.143206608769898 -23.150000000000002  15.722217723332502 16.111204720417799 -22.479734301904802  15.6756451929813 16.078174978519101 -21.809593048494499  15.624478082214001 16.041886710529401 -21.140000000000001 
 0.00101385342428329 4 0.0030314863022901802 4
1 16.509487387230902 16.669544875163801 -23.150000000000002 -0.81568674207416914 -0.57849385373090012 1.1102230246251501e-16 
1 16.509487387230902 16.669544875163801 -23.150000000000002 -0.36395759174878434 -0.25812265786002725 0.89493439139844255 
3 15.556735130134101 15.5402371675059 -20.280970800855801 -0.7299861180899252 -0.51771404491640227 -0.44619775334743611 0.36395759174878428 0.25812265786002714 -0.89493439139844244 0.57849385373089945 -0.81568674207416958 5.5511151231257827e-16 1.1114597126877599 0.49102900145335798
1 16.937572838991702 16.065936686028898 -23.150000000000002 -0.5784938537308989 0.81568674207416991 1.1102230246251597e-16 
7 0 0  3 4 2  15.2326590383101 14.8567933912301 -23.150000000000002  15.2777822766675 14.888795279582199 -22.479734301904802  15.3243548070187 14.921825021480901 -21.809593048494499  15.375521917785999 14.958113289470601 -21.140000000000001 
 0.0010138534242832801 4 0.0030314863022901698 4
1 14.4905126127692 14.330455124836199 -23.150000000000002 0.81568674207416914 0.57849385373090012 -1.1102230246251501e-16 
1 14.4905126127692 14.330455124836199 -23.150000000000002 0.36395759174878434 0.25812265786002725 0.89493439139844255 
1 16.509487387230902 16.669544875163801 -23.150000000000002 -0.81568674207416914 -0.57849385373090012 1.1102230246251501e-16 
7 0 0  3 4 2  14.804573586549299 15.460401580365 -23.150000000000002  14.8496968249066 15.4924034687171 -22.479734301904802  14.8962693552578 15.5254332106158 -21.809593048494499  14.947436466025101 15.561721478605499 -21.140000000000001 
 0.0010138534242832801 4 0.0030314863022901802 4
1 15.6920478447948 16.089807916471301 -21.140000000000001 -0.81568674207416914 -0.57849385373090012 1.1102230246251501e-16 
1 14.0624271610083 14.9340633139711 -23.150000000000002 0.36395759174878434 0.25812265786002725 0.89493439139844255 
1 14.879866703444399 15.5138002726636 -21.140000000000001 0.57849385373090012 -0.81568674207416914 -1.1102230246251602e-16 
3 15.443264869866001 15.4597628324941 -20.280970800855801 0.7299861180899252 0.51771404491640227 -0.44619775334743611 -0.36395759174878428 -0.25812265786002714 -0.89493439139844244 -0.57849385373089945 0.81568674207416958 5.5511151231257827e-16 1.1114597126877599 0.49102900145335798
1 14.0624271610083 14.9340633139711 -23.150000000000002 0.5784938537308989 -0.81568674207416991 -1.1102230246251597e-16 
2 15.5 15.5 -23.150000000000002 -5.5511151231257802e-17 1.3877787807814501e-16 -1 -0.81568674207417113 -0.57849385373089712 -3.5002439405411402e-17 -0.57849385373089712 0.81568674207417113 1.453121350423376e-16 2.75
2 15.5 15.5 -23.150000000000002 -5.5511151231257802e-17 1.3877787807814501e-16 -1 -0.81568674207417113 -0.57849385373089712 -3.5002439405411402e-17 -0.57849385373089712 0.81568674207417113 1.453121350423376e-16 0.69655289200643999
2 15.5 15.5 -23.150000000000002 -5.5511151231257802e-17 1.3877787807814501e-16 -1 -0.81568674207417113 -0.57849385373089712 -3.5002439405411402e-17 -0.57849385373089712 0.81568674207417113 1.453121350423376e-16 0.69655289200643999
2 15.5 15.5 -23.150000000000002 -5.5511151231257802e-17 1.3877787807814501e-16 -1 -0.81568674207417113 -0.57849385373089712 -3.5002439405411402e-17 -0.57849385373089712 0.81568674207417113 1.453121350423376e-16 0.69655289200643999
2 15.5 15.5 -23.150000000000002 -5.5511151231257802e-17 1.3877787807814501e-16 -1 -0.81568674207417113 -0.57849385373089712 -3.5002439405411402e-17 -0.57849385373089712 0.81568674207417113 1.453121350423376e-16 0.69655289200643999
2 15.5 15.5 -22.75 -5.5511151231257802e-17 1.3877787807814501e-16 -1 -0.81568674207417113 -0.57849385373089712 -3.5002439405411402e-17 -0.57849385373089712 0.81568674207417113 1.453121350423376e-16 2.75
7 0 0  1 2 2  13.256861459296029 13.909141902240032 -22.75  13.256861459296029 13.909141902240034 -23.150000000000002 
 -6.75 2 -6.3499999999999979 2
2 15.5 15.5 -21.734314575050799 -5.5511151231257802e-17 1.3877787807814501e-16 -1 -0.81568674207417113 -0.57849385373089712 -3.5002439405411402e-17 -0.57849385373089712 0.81568674207417113 1.453121350423376e-16 1.73431457505076
7 0 0  1 2 2  14.085342594545079 14.496709677897211 -21.734314575050782  13.256861459296029 13.909141902240034 -22.75 
 -1.4363961030678651 2 0 2
2 15.5 15.5 -21.168629150101498 -5.5511151231257802e-17 1.3877787807814501e-16 -1 -0.81568674207417113 -0.57849385373089712 -3.5002439405411402e-17 -0.57849385373089712 0.81568674207417113 1.453121350423376e-16 1.5
7 0 0  1 2 2  14.276469886888746 14.63225921940365 -4.6499999999999986  14.276469886888744 14.632259219403652 -21.168629150101498 
 -24.850000000000001 2 -8.3313708498985015 2
2 15.5 15.5 -4.6499999999999995 5.5511151231257802e-17 -1.3877787807814501e-16 1 0 -1 -1.3877787807814501e-16 1 7.7037197775489639e-33 -5.5511151231257802e-17 1.5
7 1 0  6 7 2  14.085342594545068 14.496709677897202 -21.734314575050767  1.0077447163608375 14.146055268387141 14.539767762391623 -21.659883214688477  1.0025548953523258 14.196822313190756 14.575772299275835 -21.574189660489061  0.99948395783567434 14.236157146642485 14.603668988305611 -21.479528803295292  0.99846665439900861 14.262941483720297 14.622664729656476 -21.378494683494143  0.99948395783567534 14.276469886888744 14.632259219403654 -21.273890989391738  1.0025548953523247 14.276469886888744 14.632259219403654 -21.168629150101498  1.0077447163608375
 2.3561944901922875 7 3.1415926535897931 7
2 15.5 15.5 -21.140000000000001 -5.5511151231257802e-17 1.3877787807814501e-16 -1 -0.81568674207417113 -0.57849385373089712 -3.5002439405411402e-17 -0.57849385373089712 0.81568674207417113 1.453121350423376e-16 0.55599999999999994
2 15.5 15.5 -21.140000000000001 -5.5511151231257802e-17 1.3877787807814501e-16 -1 -0.81568674207417113 -0.57849385373089712 -3.5002439405411402e-17 -0.57849385373089712 0.81568674207417113 1.453121350423376e-16 0.55599999999999994
2 15.5 15.5 -21.140000000000001 -5.5511151231257802e-17 1.3877787807814501e-16 -1 -0.81568674207417113 -0.57849385373089712 -3.5002439405411402e-17 -0.57849385373089712 0.81568674207417113 1.453121350423376e-16 0.55599999999999994
2 15.5 15.5 -21.140000000000001 -5.5511151231257802e-17 1.3877787807814501e-16 -1 -0.81568674207417113 -0.57849385373089712 -3.5002439405411402e-17 -0.57849385373089712 0.81568674207417113 1.453121350423376e-16 0.55599999999999994
2 15.5 15.5 -21.140000000000001 -5.5511151231257802e-17 1.3877787807814501e-16 -1 -0.81568674207417113 -0.57849385373089712 -3.5002439405411402e-17 -0.57849385373089712 0.81568674207417113 1.453121350423376e-16 0.55599999999999994
2 15.5 15.5 -21.140000000000001 -5.5511151231257802e-17 1.3877787807814501e-16 -1 -0.81568674207417113 -0.57849385373089712 -3.5002439405411402e-17 -0.57849385373089712 0.81568674207417113 1.453121350423376e-16 0.55599999999999994
2 15.5 15.5 -21.140000000000001 -5.5511151231257802e-17 1.3877787807814501e-16 -1 -0.81568674207417113 -0.57849385373089712 -3.5002439405411402e-17 -0.57849385373089712 0.81568674207417113 1.453121350423376e-16 0.55599999999999994
2 15.5 15.5 -21.140000000000001 -5.5511151231257802e-17 1.3877787807814501e-16 -1 -0.81568674207417113 -0.57849385373089712 -3.5002439405411402e-17 -0.57849385373089712 0.81568674207417113 1.453121350423376e-16 0.55599999999999994
2 15.5 15.5 -21.140000000000001 -5.5511151231257802e-17 1.3877787807814501e-16 -1 -0.81568674207417113 -0.57849385373089712 -3.5002439405411402e-17 -0.57849385373089712 0.81568674207417113 1.453121350423376e-16 0.55599999999999994
7 0 0  1 2 2  15.5 15.5 -20.959344648894497  15.046478171406758 15.178357417325619 -21.139999999999993 
 -1.0566536762344248e-15 2 0.58461299667648048 2
Polygon3D 0
PolygonOnTriangulations 0
Surfaces 35
1 15.4861997273364 14.879866703444399 -21.140000000000001 0.81568674207417113 0.57849385373089712 5.1148150109573405e-17 -4.2341309068507595e-17 1.4811807248461956e-16 -1 -0.57849385373089712 0.81568674207417113 1.453121350423372e-16 
1 15.5 15.5 -23.150000000000002 -5.5511151231257802e-17 1.3877787807814501e-16 -1 -0.81568674207417113 -0.57849385373089712 -3.5002439405411402e-17 -0.57849385373089712 0.81568674207417113 1.453121350423376e-16 
3 15.5 15.5 -21.140000000000001 -5.5511151231257802e-17 1.3877787807814501e-16 -1 -0.81568674207417113 -0.57849385373089712 -3.5002439405411402e-17 -0.57849385373089712 0.81568674207417113 1.453121350423376e-16 0.55599999999999994
0.069813170079765896
1 16.089807916471301 15.3079521552052 -21.140000000000001 -5.5511151231257802e-17 1.3877787807814501e-16 -1 -0.81568674207417113 -0.57849385373089712 -3.5002439405411402e-17 -0.57849385373089712 0.81568674207417113 1.453121350423376e-16 
1 16.669544875163801 14.4905126127692 -23.150000000000002 -0.51771404491639927 0.72998611808992719 -0.44619775334743617 0.25812265786002608 -0.36395759174878517 -0.89493439139844244 -0.8156867420741718 -0.57849385373089623 2.2204460492503131e-16 
1 15.4861997273364 14.879866703444399 -21.140000000000001 0.81568674207417113 0.57849385373089712 5.1148150109573405e-17 -4.2341309068507595e-17 1.4811807248461956e-16 -1 -0.57849385373089712 0.81568674207417113 1.453121350423372e-16 
1 16.089807916471301 15.3079521552052 -21.140000000000001 -5.5511151231257802e-17 1.3877787807814501e-16 -1 -0.81568674207417113 -0.57849385373089712 -3.5002439405411402e-17 -0.57849385373089712 0.81568674207417113 1.453121350423376e-16 
3 15.5 15.5 -21.140000000000001 -5.5511151231257802e-17 1.3877787807814501e-16 -1 -0.81568674207417113 -0.57849385373089712 -3.5002439405411402e-17 -0.57849385373089712 0.81568674207417113 1.453121350423376e-16 0.55599999999999994
0.069813170079765896
1 14.330455124836199 16.509487387230902 -23.150000000000002 0.51771404491639927 -0.72998611808992719 -0.44619775334743617 0.25812265786002608 -0.36395759174878517 0.89493439139844244 -0.8156867420741718 -0.57849385373089623 -2.2204460492503131e-16 
1 15.5138002726636 16.120133296555601 -21.140000000000001 -0.81568674207417113 -0.57849385373089712 4.8895438139987912e-16 4.8289578338146557e-16 1.6432792237809656e-16 1 -0.57849385373089712 0.81568674207417113 1.4531213504233767e-16 
1 16.089807916471301 15.3079521552052 -21.140000000000001 -5.5511151231257802e-17 1.3877787807814501e-16 -1 -0.81568674207417113 -0.57849385373089712 -3.5002439405411402e-17 -0.57849385373089712 0.81568674207417113 1.453121350423376e-16 
3 15.5 15.5 -21.140000000000001 -5.5511151231257802e-17 1.3877787807814501e-16 -1 -0.81568674207417113 -0.57849385373089712 -3.5002439405411402e-17 -0.57849385373089712 0.81568674207417113 1.453121350423376e-16 0.55599999999999994
0.069813170079765896
