<?xml version='1.0' encoding='utf-8'?>
<!-- FreeCAD DocumentObject -->
<Document SchemaVersion="4" FileVersion="2">
<Object name="Solid004">
  <Properties Count="8" TransientCount="1">
    <_Property name="_ElementMapVersion" type="App::PropertyString" status="234881024"/>
    <Property name="ColoredElements" type="App::PropertyLinkSubHidden" status="218103808">
      <LinkSub value="" count="0">
      </LinkSub>
    </Property>
    <Property name="ExpressionEngine" type="App::PropertyExpressionEngine" status="67108864">
      <ExpressionEngine count="0"></ExpressionEngine>
    </Property>
    <Property name="Label" type="App::PropertyString" status="134217728">
      <String value="lj8_probe_mount"/>
    </Property>
    <Property name="Label2" type="App::PropertyString" status="128">
      <String value=""/>
    </Property>
    <Property name="Placement" type="App::PropertyPlacement" status="8388608">
      <PropertyPlacement Px="-92.16894177862841" Py="-98.7056406185924" Pz="82.147883907386" Q0="0" Q1="0" Q2="0" Q3="1" A="0" Ox="0" Oy="0" Oz="1"/>
    </Property>
    <Property name="Shape" type="Part::PropertyPartShape">
      <Part ElementMap="0.15.70200.4" brep="1">
<![CDATA[

CASCADE Topology V1, (c) Matra-Datavision
Locations 1
1
              1 -1.1164344944991e-16 3.80531391982824e-15 -92.1689417786284 
1.1164344944991e-16               1 1.31542702554446e-16 -98.7056406185924 
-3.80531391982824e-15 -1.31542702554446e-16               1 82.147883907386 
Curve2ds 59
1 9.4247779607693793 0.0020000000000006679 -1 0 
1 6.2831853071795862 0 0 1 
1 0 0 0 1 
1 0 29.002000000000002 1 0 
1 3.1415926535897931 0.0020000000000006679 -1 0 
7 0 0  3 25 23  5.4529455213439118 16.118580753730953  5.4417249676930135 16.138423845050752  5.4192838603912197 16.178721243541816  5.3856221994385285 16.240930329333526  5.3519605384858346 16.304832502793058  5.3182988775331452 16.370355206641168  5.2846372165804523 16.437424245450359  5.2509755556277602 16.505963618764312  5.2173138946750672 16.57589567444651  5.1836522337223778 16.647141178643395  5.1499905727696849 16.71961941038381  5.1163289118169937 16.793248251742416  5.0826672508642998 16.867944281225949  5.0490055899116095 16.943622868196858  5.0153439289589175 17.020198268785073  4.9816822680062236 17.097583723027721  4.9480206070535342 17.175691553175795  4.9143589461008421 17.254433263010508  4.88069728514815 17.333719638192388  4.8470356241954571 17.41346084703256  4.8133739632427659 17.493566543423295  4.7797123022900729 17.573945964904219  4.7460506413373809 17.65450805152879  4.723609534035587 17.7082770099769  4.7123889803846897 17.7351615074619 
 3.9718324394254685 4 4.0054941003781606 1 4.0391557613308526 1 4.0728174222835438 1 4.1064790832362359 1 4.140140744188928 1 4.17380240514162 1 4.2074640660943112 1 4.2411257270470033 1 4.2747873879996954 1 4.3084490489523875 1 4.3421107099050786 1 4.3757723708577707 1 4.4094340318104628 1 4.4430956927631549 1 4.4767573537158469 1 4.5104190146685381 1 4.5440806756212302 1 4.5777423365739223 1 4.6114039975266143 1 4.6450656584793055 1 4.6787273194319976 1 4.7123889803846897 4
1 5.4529455213439162 0 0 1 
7 0 0  3 25 23  4.7123889803846897 11.268838492538091  4.723609534035587 11.295722990023089  4.7460506413373817 11.349491948471199  4.7797123022900738 11.430054035095775  4.8133739632427659 11.510433456576695  4.847035624195458 11.59053915296743  4.8806972851481509 11.670280361807603  4.9143589461008403 11.749566736989477  4.9480206070535342 11.828308446824202  4.9816822680062272 11.906416276972275  5.0153439289589175 11.983801731214916  5.0490055899116104 12.060377131803142  5.0826672508643016 12.136055718774035  5.1163289118169963 12.210751748257584  5.1499905727696866 12.284380589616189  5.1836522337223796 12.3568588213566  5.2173138946750717 12.428104325553482  5.2509755556277655 12.498036381235694  5.2846372165804567 12.56657575454963  5.318298877533147 12.633644793358838  5.3519605384858417 12.699167497206936  5.3856221994385329 12.763069670666466  5.419283860391225 12.825278756458186  5.4417249676930188 12.865576154949247  5.4529455213439171 12.885419246269048 
 4.7123889803846897 4 4.7460506413373817 1 4.7797123022900738 1 4.8133739632427659 1 4.847035624195458 1 4.88069728514815 1 4.9143589461008421 1 4.9480206070535342 1 4.9816822680062263 1 5.0153439289589183 1 5.0490055899116104 1 5.0826672508643025 1 5.1163289118169955 1 5.1499905727696875 1 5.1836522337223796 1 5.2173138946750717 1 5.2509755556277637 1 5.2846372165804558 1 5.3182988775331479 1 5.35196053848584 1 5.385622199438532 1 5.4192838603912241 1 5.4529455213439162 4
7 0 0  3 25 23  3.9718324394254627 12.885419246269057  3.9830529930763596 12.865576154949256  4.0054941003781543 12.825278756458191  4.0391557613308464 12.763069670666479  4.0728174222835376 12.699167497206947  4.1064790832362306 12.633644793358847  4.1401407441889235 12.566575754549643  4.1738024051416156 12.498036381235703  4.2074640660943077 12.428104325553493  4.2411257270469997 12.356858821356612  4.2747873879996918 12.284380589616196  4.3084490489523848 12.210751748257595  4.342110709905076 12.136055718774047  4.3757723708577672 12.060377131803152  4.4094340318104619 11.983801731214927  4.4430956927631504 11.906416276972283  4.476757353715846 11.828308446824217  4.5104190146685372 11.749566736989488  4.5440806756212293 11.670280361807615  4.5777423365739214 11.590539152967439  4.6114039975266143 11.510433456576711  4.6450656584793046 11.430054035095782  4.6787273194319976 11.34949194847121  4.7011684267337923 11.2957229900231  4.7123889803846897 11.268838492538102 
 0.83023978583566926 4 0.86390144678836145 1 0.89756310774105352 1 0.93122476869374571 1 0.96488642964643789 1 0.99854809059912997 1 1.032209751551822 1 1.0658714125045143 1 1.0995330734572064 1 1.1331947344098987 1 1.1668563953625908 1 1.2005180563152829 1 1.2341797172679749 1 1.2678413782206672 1 1.3015030391733593 1 1.3351647001260516 1 1.3688263610787437 1 1.4024880220314357 1 1.4361496829841278 1 1.4698113439368201 1 1.5034730048895124 1 1.5371346658422045 1 1.5707963267948966 4
1 3.9718324394254632 0 0 1 
7 0 0  3 25 23  4.7123889803846897 17.7351615074619  4.7011684267337923 17.7082770099769  4.6787273194319976 17.654508051528794  4.6450656584793055 17.573945964904215  4.6114039975266117 17.493566543423292  4.5777423365739205 17.413460847032557  4.5440806756212266 17.333719638192381  4.5104190146685346 17.254433263010501  4.4767573537158434 17.175691553175781  4.4430956927631513 17.097583723027711  4.4094340318104601 17.020198268785073  4.3757723708577654 16.943622868196837  4.3421107099050742 16.867944281225938  4.308449048952383 16.793248251742405  4.2747873879996874 16.719619410383789  4.2411257270469971 16.647141178643391  4.207464066094305 16.575895674446496  4.1738024051416138 16.505963618764298  4.14014074418892 16.437424245450345  4.1064790832362297 16.370355206641154  4.0728174222835341 16.30483250279304  4.0391557613308438 16.240930329333519  4.0054941003781499 16.178721243541794  3.9830529930763561 16.138423845050735  3.9718324394254587 16.118580753730932 
 1.5707963267948966 4 1.6044579877475889 1 1.6381196487002812 1 1.6717813096529734 1 1.7054429706056657 1 1.739104631558358 1 1.7727662925110503 1 1.8064279534637426 1 1.8400896144164349 1 1.8737512753691272 1 1.9074129363218195 1 1.9410745972745118 1 1.9747362582272041 1 2.0083979191798962 1 2.0420595801325887 1 2.0757212410852812 1 2.1093829020379733 1 2.1430445629906654 1 2.1767062239433579 1 2.2103678848960504 1 2.2440295458487425 1 2.2776912068014346 1 2.3113528677541271 4
1 9.4247779607693793 0 -1 0 
1 6.2831853071795862 0 0 1 
1 0 0 0 1 
1 0 2 1 0 
1 3.1415926535897931 0 -1 0 
1 9.4247779607693793 0 -1 0 
1 6.2831853071795862 0 0 1 
1 0 0 0 1 
1 0 2 1 0 
1 3.1415926535897931 0 -1 0 
1 2.1333325713387477 0 0 1 
1 0 0 1 0 
1 6.2831853071795862 14.5 0 -1 
1 0 3 1 0 
1 0 1 1 0 
1 0 1 1 0 
1 0 0 1 0 
1 6.2831853071795862 0 0 1 
1 0 0 0 1 
1 0 0 1 0 
1 6.2831853071795862 0 0 1 
1 0 0 0 1 
7 0 0  3 25 23  6.2831853071795862 28  6.2798649717817439 27.999999994995903  6.2732243009860635 28.000201754667504  6.2632632947925408 28.001109607248686  6.2533022885990155 28.002622600493662  6.2433412824054928 28.004740579547889  6.2333802762119719 28.007463335532261  6.2234192700184447 28.010790597952752  6.2134582638249256 28.014722036766756  6.2034972576313976 28.019257261869249  6.1935362514378802 28.024395823278017  6.1835752452443531 28.030137211138982  6.1736142390508304 28.036480855787399  6.1636532328573086 28.043426127801482  6.1536922266637841 28.050972338065741  6.1437312204702597 28.059118737838528  6.1337702142767379 28.067864518829058  6.123809208083216 28.077208813267355  6.1138482018896907 28.087150694028658  6.1038871956961671 28.097689174582275  6.0939261895026471 28.108823209624141  6.0839651833091208 28.120551693184577  6.0740041771155981 28.13287346618722  6.0673635063199161 28.141482681238056  6.0640431709220746 28.145885760894895 
 3.1415926535897931 4 3.1515536597833163 1 3.1615146659768398 1 3.171475672170363 1 3.1814366783638861 1 3.1913976845574092 1 3.2013586907509328 1 3.211319696944456 1 3.2212807031379791 1 3.2312417093315022 1 3.2412027155250258 1 3.2511637217185489 1 3.2611247279120721 1 3.2710857341055957 1 3.2810467402991188 1 3.2910077464926419 1 3.3009687526861651 1 3.3109297588796887 1 3.3208907650732118 1 3.3308517712667349 1 3.3408127774602585 1 3.3507737836537816 1 3.3607347898473048 4
1 6.0640431709220737 0 0 1 
1 -8.8817841970012523e-16 0 1 0 
1 0 5 1 0 
7 0 0  3 25 23  1.4224655530475276 4.2372358745386336  1.4026853516670599 4.2247161034016276  1.3631249489061241 4.1946866066110582  1.3037843447647215 4.1348879319066443  1.2444437406233175 4.0605300982278534  1.1851031364819145 3.9718789483230883  1.1257625323405116 3.8692454645606231  1.0664219281991079 3.7529912380684696  1.0070813240577046 3.6235254370472894  0.94774071991630093 3.4813038376518439  0.8884001157748983 3.3268270932585589  0.82905951163349456 3.1606390058643998  0.76971890749209171 2.9833246026862108  0.71037830335068808 2.7955080791428313  0.65103769920928511 2.5978506008315239  0.59169709506788182 2.3910479763439021  0.53235649092647841 2.1758282073132547  0.47301588678507506 1.952948927411994  0.4136752826436722 1.7231947287380807  0.35433467850226846 1.4873744242145028  0.29499407436086555 1.2463181093664384  0.2356534702194619 1.0008745796973497  0.17631286607805866 0.75190707551610303  0.13675246331712315 0.58416567335525027  0.11697226193665544 0.50000000000001776 
 0.14833077374736908 4 0.20767137788877235 1 0.26701198203017562 1 0.32635258617157892 1 0.38569319031298216 1 0.44503379445438546 1 0.5043743985957887 1 0.56371500273719199 1 0.62305560687859529 1 0.68239621101999859 1 0.74173681516140189 1 0.80107741930280496 1 0.86041802344420826 1 0.91975862758561155 1 0.97909923172701485 1 1.0384398358684181 1 1.0977804400098214 1 1.1571210441512247 1 1.216461648292628 1 1.2758022524340313 1 1.3351428565754346 1 1.3944834607168377 1 1.453824064858241 4
1 -2.7755575615628914e-17 0.5 1 0 
1 -2.7755575615628914e-17 6.506844201784679e-16 1 -1.9361373653885724e-16 
1 3.3607347898473052 0 0 1 
1 -2.2204460492503131e-16 28.5 1 0 
1 3.1415926535897931 0.7071067811865519 -1 -1.3060841550647106e-15 
1 1.8306638242239077 0 0 1 
7 0 0  3 25 23  1.8306638242239155 6.4295512789257216  1.8244790019333643 6.4082590032719358  1.8121093573522622 6.3645207954158289  1.7935548904806085 6.2954763971783958  1.7750004236089547 6.2230183339817104  1.7564459567373005 6.1471716432639152  1.737891489865647 6.0679624109249026  1.719337022993993 5.985417912092843  1.7007825561223395 5.8995665616100039  1.682228089250686 5.8104379150020042  1.663673622379032 5.718062655422286  1.645119155507379 5.6224725838611107  1.626564688635725 5.5237006079907864  1.608010221764071 5.4217807308931585  1.5894557548924177 5.3167480393357618  1.5709012880207638 5.2086386917087992  1.5523468211491105 5.0974899055316678  1.5337923542774563 4.9833399448071658  1.5152378874058028 4.866228106227922  1.4966834205341493 4.7461947079650235  1.478128953662496 4.6232810671415203  1.459574486790842 4.4975295178784354  1.441020019919188 4.3689832762884135  1.4286503753380857 4.2814523421349602  1.4224655530475347 4.237235874538662 
 0.33003162649400686 4 0.34858609336566049 1 0.36714056023731417 1 0.3856950271089678 1 0.40424949398062149 1 0.42280396085227512 1 0.44135842772392875 1 0.45991289459558238 1 0.47846736146723606 1 0.49702182833888975 1 0.51557629521054338 1 0.53413076208219701 1 0.55268522895385064 1 0.57123969582550438 1 0.5897941626971579 1 0.60834862956881164 1 0.62690309644046527 1 0.6454575633121189 1 0.66401203018377264 1 0.68256649705542616 1 0.7011209639270799 1 0.71967543079873353 1 0.73822989767038716 4
7 0 0  3 25 23  -0.50220865159637817 1.0646485162067063  -0.4982214184972884 1.0542285881987583  -0.49021280702318393 1.0338032498056686  -0.47809961396669465 1.0044258590239787  -0.4658882461529199 0.97632618369621482  -0.45358101080030444 0.94952120099575898  -0.44118035094169894 0.92402778993548174  -0.42868886436104336 0.89986270628006826  -0.41610929798344731 0.87704257018381204  -0.40344454818423348 0.85558385024189887  -0.39069765882980612 0.83550284839692524  -0.37787181922410262 0.81681568458516707  -0.36497036136191596 0.79953828150009587  -0.35199675663797692 0.78368634945296212  -0.33895461196449705 0.76927537142170044  -0.32584766530936449 0.75632058834325844  -0.31267978065022639 0.74483698474650883  -0.29945494237275838 0.73483927469653498  -0.2861772490531127 0.72634188848719994  -0.27285090691121283 0.71935895877986678  -0.25948022195090914 0.71390431137209454  -0.24606959456595323 0.70999144156686755  -0.23262350263703713 0.70763354746887241  -0.223638851160886 0.70710675202805384  -0.21914213625751255 0.70710678118655945 
 0 4 8.1466952611769993e-05 1 0.00016293390522353999 1 0.00024440085783530998 1 0.00032586781044707997 1 0.00040733476305884997 1 0.00048880171567061996 1 0.00057026866828239001 1 0.00065173562089415995 1 0.00073320257350592988 1 0.00081466952611769993 1 0.00089613647872946998 1 0.00097760343134123992 1 0.0010590703839530099 1 0.00114053733656478 1 0.00122200428917655 1 0.0013034712417883199 1 0.0013849381944000898 1 0.0014664051470118598 1 0.0015478720996236299 1 0.0016293390522353999 1 0.0017108060048471698 1 0.00179227295745894 4
1 0 -0.70710678118654813 1 1.9821076533247101e-16 
1 4.1498527358408337 0 0 1 
1 3.1415926535897931 -1.001547647581948e-16 -1 -2.6965857599387238e-16 
7 0 0  3 25 23  4.1498527358408346 6.8854015114159157  4.119505439765879 6.8480791859940089  4.0588108476159697 6.768004290479146  3.9677689593911056 6.6327317863870565  3.8767270711662429 6.4833832111388023  3.785685182941378 6.3212053467520359  3.6946432947165144 6.1475388860910014  3.6036014064916504 5.963822990884295  3.512559518266785 5.7715791744428895  3.4215176300419223 5.5723998236557968  3.3304757418170574 5.3679347080877768  3.2394338535921943 5.1598773958304536  3.1483919653673293 4.9499512042397225  3.0573500771424662 4.7398949315536418  2.9663081889176026 4.531448453455627  2.8752663006927381 4.326338310734827  2.7842244124678746 4.1262634141399515  2.6931825242430105 3.9328809511011813  2.6021406360181474 3.7477927392556589  2.511098747793282 3.5725316607307214  2.4200568595684189 3.4085500776590316  2.329014971343554 3.2572036515144136  2.2379730831186908 3.1197556056379439  2.177278490968781 3.0381241669632129  2.1469311948938263 2.9999999999999893 
 0.56253624454385498 4 0.65357813276871901 1 0.74462002099358304 1 0.83566190921844707 1 0.92670379744331111 1 1.0177456856681752 1 1.1087875738930393 1 1.1998294621179033 1 1.2908713503427673 1 1.3819132385676314 1 1.4729551267924954 1 1.5639970150173594 1 1.6550389032422235 1 1.7460807914670875 1 1.8371226796919515 1 1.9281645679168156 1 2.0192064561416796 1 2.1102483443665436 1 2.2012902325914077 1 2.2923321208162717 1 2.3833740090411357 1 2.4744158972659998 1 2.5654577854908638 4
7 0 0  3 25 23  3.6639074753958223 -2.0872192862952943e-14  3.6712702823722614 0.011019589675703439  3.6859958963251396 0.03348180726388722  3.7080843172544595 0.068427141379803449  3.7301727381837781 0.10460761333693351  3.7522611591130963 0.142005523448367  3.7743495800424154 0.18060263894261785  3.7964380009717331 0.22038012566964363  3.8185264219010522 0.26131857797245062  3.8406148428303717 0.30339802261274057  3.8627032637596894 0.34659793000040418  3.8847916846890089 0.3908972238115328  3.9068801056183267 0.43627429137782536  3.9289685265476462 0.4827069942020174  3.9510569474769635 0.53017267876776331  3.973145368406283 0.57864818758476688  3.9952337893356025 0.62810987050599265  4.0173222102649193 0.67853359619641129  4.0394106311942393 0.72989476416558496  4.0614990521235592 0.78216831580169432  4.0835874730528756 0.83532875020975161  4.1056758939821938 0.88935012317034012  4.1277643149115137 0.94420611011497912  4.1424899288643928 0.98131525749231008  4.1498527358408319 1.0000000000000022 
 3.6639074753958218 4 3.6859958963251405 1 3.7080843172544591 1 3.7301727381837777 1 3.7522611591130963 1 3.7743495800424149 1 3.7964380009717336 1 3.8185264219010522 1 3.8406148428303708 1 3.8627032637596894 1 3.8847916846890085 1 3.9068801056183267 1 3.9289685265476457 1 3.9510569474769643 1 3.973145368406283 1 3.9952337893356016 1 4.0173222102649202 1 4.0394106311942384 1 4.0614990521235574 1 4.0835874730528756 1 4.1056758939821947 1 4.1277643149115129 1 4.1498527358408319 4
7 0 0  3 25 23  0.11697226193665598 7.5364438016821054e-15  0.11527457726964717 -0.011127916560145994  0.11187263819439315 -0.033347345967782063  0.10674993236077217 -0.066566761030815005  0.10160734128838857 -0.09967592846116459  0.096444777032690915 -0.13267433203306506  0.091262151711879763 -0.16556145707694023  0.086059377524681221 -0.19833679070456245  0.080836366760810033 -0.23099982175889019  0.075593031813701833 -0.26355004083759298  0.070329285192960708 -0.29598694029685457  0.065045039537212093 -0.3283100142603943  0.059740207627173234 -0.36051875862704769  0.05441470239900071 -0.39261267107874015  0.049068436957902001 -0.42459125108822682  0.04370132459200983 -0.45645399992704444  0.038313278786533504 -0.48820042067304792  0.032904213238222735 -0.51983001821864394  0.027474041869884426 -0.55134229927716161  0.022022678846120032 -0.58273677239517663  0.01655003858572324 -0.61401294794317374  0.011056035787981937 -0.64517033818654079  0.0055405854083758286 -0.67620845705668575  0.0018492636858160247 -0.69682069971307481  0 -0.70710678118655945 
 2.2625962278135807 4 2.2665453702329628 1 2.2704945126523448 1 2.2744436550717264 1 2.2783927974911085 1 2.2823419399104905 1 2.2862910823298725 1 2.2902402247492546 1 2.2941893671686366 1 2.2981385095880182 1 2.3020876520074003 1 2.3060367944267823 1 2.3099859368461644 1 2.3139350792655464 1 2.317884221684928 1 2.3218333641043101 1 2.3257825065236921 1 2.3297316489430742 1 2.3336807913624562 1 2.3376299337818383 1 2.3415790762012199 1 2.3455282186206019 1 2.3494773610399839 4
7 0 0  3 25 23  1.310928829365885 0.70710678118653059  1.3092050036218215 0.69567307978381232  1.3057407499871214 0.67286268232196655  1.3004939455913531 0.63882136088287134  1.2951961008123609 0.60495755491833303  1.2898465954848861 0.57127456815629107  1.2844448073796917 0.53777574656237292  1.2789901121605141 0.50446448484245221  1.2734818838227309 0.47134422563697115  1.2679194950287895 0.43841846067174295  1.2623023174980865 0.40569073138112266  1.2566297224099863 0.37316462966816816  1.2509010808320111 0.34084379862180975  1.2451157641709409 0.3087319332381101  1.2392731446483527 0.27683278113076515  1.2333725958012902 0.24515014323435866  1.227413493008326 0.21368787449328031  1.2213952140436977 0.18244988455177694  1.2153171396530098 0.15144013838140863  1.2091786541782312 0.1206626570749442  1.2029791461317725 0.090121517944041912  1.1967180090969762 0.05982085713145717  1.1903946415499007 0.029764862745767055  1.1861371810828327 0.0098934897576904279  1.1839978811271852 -2.449344235546688e-14 
 0 4 4.6568822403994994e-05 1 9.3137644807989988e-05 1 0.000139706467211985 1 0.00018627528961597998 1 0.00023284411201997496 1 0.00027941293442396999 1 0.00032598175682796497 1 0.00037255057923195995 1 0.00041911940163595493 1 0.00046568822403994991 1 0.00051225704644394495 1 0.00055882586884793998 1 0.00060539469125193491 1 0.00065196351365592994 1 0.00069853233605992487 1 0.0007451011584639199 1 0.00079166998086791494 1 0.00083823880327190986 1 0.0008848076256759049 1 0.00093137644807989983 1 0.00097794527048389486 1 0.0010245140928878899 4
1 0 2.8999999999999986 1 0 
1 6.2831853071795862 0 0 1 
1 0 0 0 1 
7 0 0  3 25 23  -1.1450101289417418 -3.1401849173675487e-15  -1.1460813558348191 0.039246120119270075  -1.1481995951801762 0.11774498333687078  -1.151306940116517 0.23551259815702452  -1.1543469593277251 0.35329896882303408  -1.1573221342648496 0.47110358440270667  -1.1602348239089588 0.58892596502495353  -1.1630872542375119 0.70676566431364674  -1.1658815321716709 0.82462226552231443  -1.1686196520862131 0.94249537961897634  -1.1713035035138617 1.060384643087007  -1.1739348778023393 1.1782897160189676  -1.1765154743888706 1.2962102803296254  -1.1790469065717968 1.4141460381171302  -1.1815307068638283 1.5320967101492524  -1.1839683319505285 1.6500620344663925  -1.1863611672934482 1.7680417650906906  -1.1887105313941291 1.8860356708344659  -1.1910176797934007 2.0040435341910978  -1.1932838086544333 2.1220651503349259  -1.1955100586081748 2.2401003260960688  -1.197697516432191 2.3581488793806824  -1.1998472237218634 2.4762106372518735  -1.2012558468791861 2.5549271719555513  -1.2019541957249462 2.594287586007515 
 0 4 0.00011909864141655045 1 0.0002381972828331009 1 0.00035729592424965135 1 0.00047639456566620181 1 0.00059549320708275231 1 0.00071459184849930271 1 0.00083369048991585311 1 0.00095278913133240361 1 0.0010718877727489541 1 0.0011909864141655046 1 0.0013100850555820549 1 0.0014291836969986054 1 0.0015482823384151559 1 0.0016673809798317062 1 0.0017864796212482567 1 0.0019055782626648072 1 0.0020246769040813575 1 0.0021437755454979082 1 0.0022628741869144585 1 0.0023819728283310092 1 0.0025010714697475595 1 0.0026201701111641098 4
7 0 0  3 25 23  -1.2019541957249462 2.594287586007515  -1.1961271074036715 2.5245764970525193  -1.1841409991271874 2.3864542239832294  -1.165040157533598 2.1835433434284903  -1.1446940214779753 1.985263640706374  -1.1229710341985104 1.7920233447031282  -1.09973402230065 1.6043454684692073  -1.0748471274517879 1.4225788767175351  -1.0481501030325999 1.2482600790691663  -1.0194719167730772 1.0841359653965246  -0.98866930448901158 0.9328144311670481  -0.95563063496428136 0.79706794807335546  -0.92029037437192773 0.6797446617659767  -0.88264049903419473 0.58380314825851942  -0.84315970603002643 0.51155588189276946  -0.80241343025979894 0.46504986848241298  -0.76103979869923233 0.44608328142470444  -0.71971516823532955 0.45599141368793988  -0.67916634869963577 0.49627503725427113  -0.63994837489474676 0.56570535917254572  -0.60238430219311656 0.66050237720820371  -0.56673988646995532 0.77730664267522798  -0.5331945111038241 0.91256720128870161  -0.51228322507075941 1.0126897359086975  -0.50220865159637906 1.0646485162066996 
 0 4 0.00024494842497421862 1 0.00048989684994843723 1 0.00073484527492265585 1 0.00097979369989687447 1 0.0012247421248710931 1 0.0014696905498453117 1 0.0017146389748195303 1 0.0019595873997937489 1 0.0022045358247679676 1 0.0024494842497421862 1 0.0026944326747164048 1 0.0029393810996906234 1 0.003184329524664842 1 0.0034292779496390606 1 0.0036742263746132793 1 0.0039191747995874979 1 0.0041641232245617169 1 0.0044090716495359351 1 0.0046540200745101533 1 0.0048989684994843723 1 0.0051439169244585914 1 0.0053888653494328096 4
1 3.3607347898472977 -0.70710678118654191 -6.2803698347350494e-16 1 
Curves 127
2 -3.1000000000000001 -21.899999999999999 4 0 0 1 1 0 -0 -0 1 0 4.1500000000000004
7 0 0  1 2 2  -7.25 -21.899999999999999 4  -7.25 -21.899999999999999 -25 
 0.0020000000000006679 2 29.002000000000002 2
2 -3.1000000000000001 -21.899999999999999 -25 0 0 -1 -1 0 0 0 1 0 4.1500000000000004
3 -3.1000000000000001 -21.899999999999999 -13.733161507461899 0.49999999999999989 0 0.86602540378443882 0.86602540378443882 0 -0.49999999999999989 -0 1 0 4.7920072342738997 4.1500000000000004
1 -5.8999999999999995 -24.963086678499302 4.0020000000000007 0 0 -1 
3 -3.1000000000000001 -21.899999999999999 -7.2668384925380893 0.49999999999999989 0 -0.86602540378443882 -0.86602540378443882 0 -0.49999999999999989 0 1 0 4.7920072342738997 4.1500000000000004
3 -3.1000000000000001 -21.899999999999999 -7.2668384925381 -0.49999999999999989 0 -0.86602540378443882 0.86602540378443882 0 -0.49999999999999989 0 -1 -0 4.79200723427389 4.1500000000000004
1 -0.29999999999999999 -24.963086678499302 4.0020000000000007 0 0 -1 
3 -3.1000000000000001 -21.899999999999999 -13.733161507461899 -0.50000000000000033 0 0.86602540378443849 -0.86602540378443849 0 -0.50000000000000033 -0 -1 0 4.7920072342738997 4.1500000000000004
1 0 -1.4935157143701199e-16 -9 0 1 0 
1 0 -20.375 -23.928929765886302 0 -0.81833085959459306 -0.57474742647111909 
1 0 -0.032672536732855403 0.022576637322332501 0 0.56848103529034844 0.82269636714599248 
1 0 -9.9342762558313797 -1.16930800632365e-14 0 -1.1770439800657499e-15 1 
2 3 3.5 1.01033360929657e-16 1 0 0 0 0 -1 -0 1 0 1.6499999999999999
7 0 0  1 2 2  3 3.5 1.6499999999999999  1 3.5 1.6499999999999999 
 0 2 2 2
2 1 3.5 1.01033360929657e-16 -1 0 0 0 0 1 0 1 -0 1.6499999999999999
2 3 -3.5 1.01033360929657e-16 1 0 0 0 0 -1 -0 1 0 1.6499999999999999
7 0 0  1 2 2  3 -3.5 1.6499999999999999  1 -3.5 1.6499999999999999 
 0 2 2 2
2 1 -3.5 1.01033360929657e-16 -1 0 0 0 0 1 0 1 -0 1.6499999999999999
1 3 8 0 0 0 1 
1 0 8 -2.96068303292496 -1 0 0 
1 0 8 0 0 0 1 
1 3 8 2 1 0 0 
1 3 0 4 0 1 0 
1 0 6 4 -1 0 0 
1 0 0 4 0 1 0 
1 3 -9.9122844919100697 4 -1 0 0 
2 3 -12.449999999999999 5.5999999999999996 -1 0 0 0 0 1 0 1 -0 3
1 3 0 3 0 -1 0 
1 3 -21.899999999999999 -10.5 0 -1.19636101791504e-16 -1 
1 3 -20.375 -23.928929765886302 0 -0.81833085959459306 -0.57474742647111909 
1 3 7.5103988515447799 -3.9028424779557001 0 0.46111417974775104 0.88734081008119914 
1 3 5 5 0 -0.70710678118654757 0.70710678118654757 
1 0 -20.375 -23.928929765886302 0 -0.81833085959459306 -0.57474742647111909 
1 0 5 -3 0 6.1232339957367697e-17 1 
1 0 0 -3 0 -1 0 
1 0 -9.9342762558313797 -1.16930800632365e-14 0 -1.1770439800657499e-15 1 
2 0 -12.449999999999999 5.5999999999999996 -1 0 0 0 0 1 0 1 -0 3
1 0 6 4 0 0.70710678118654757 -0.70710678118654757 
1 0 8 -2.96068303292496 0 -0.46111417974775104 -0.88734081008119914 
2 0 3.5 2.7248391281028599e-16 -1 0 0 0 0 1 0 1 -0 2.7999999999999998
2 0 -3.5 2.7248391281028599e-16 -1 0 0 0 0 1 0 1 -0 2.7999999999999998
2 1 -3.5 2.7248391281028599e-16 -1 0 0 0 0 1 0 1 -0 2.7999999999999998
7 0 0  1 2 2  1 -3.5 2.8000000000000003  0 -3.5 2.8000000000000003 
 0 2 1 2
2 1 3.5 2.7248391281028599e-16 -1 0 0 0 0 1 0 1 -0 2.7999999999999998
7 0 0  1 2 2  1 3.5 2.8000000000000003  0 3.5 2.8000000000000003 
 0 2 1 2
3 -3.1000000000000001 -21.899999999999999 9.0999999999999996 -0.70710678118654757 0 -0.70710678118654757 -0.70710678118654757 0 0.70710678118654757 0 1 0 8.6267027304758788 6.1000000000000005
1 2.8541142391051197 -23.226093370651498 -25 0 0 1 
2 -3.1000000000000001 -21.899999999999999 -25 0 0 1 1 0 -0 -0 1 0 6.1000000000000005
2 -3.1000000000000001 -32 -10.5 0 -1 0 0 0 -1 1 0 0 1.6499999999999999
1 -5.1000000000000005 -32 -20 1 0 0 
1 -1.5104469921442401 -32 -20.532551039999102 0.58666606892787398 1.5534295525224201e-32 0.80982894710470499 
1 0.90000000000001101 -32 -25 0 0 1 
1 4.1271741364643697 -32 -8.2495741323323095 0.58666606892787398 0 -0.80982894710470499 
1 -7.1000000000000005 -32 -1 -1 0 0 
1 -10.3271741364644 -32 -8.2495741323323006 -0.5866660689278751 0 -0.80982894710470421 
1 -7.1000000000000005 -32 -25 0 0 1 
1 -4.6895530078557606 -32 -20.532551039999102 -0.58666606892787398 0 0.80982894710470499 
1 3.1912814831007403 -21.7122238853919 2.8087185168992601 0.2124306254611921 0.95380630042600023 -0.2124306254611921 
1 -0.90389627278150797 -40.099433057538604 -11.894242935595001 -0.15556861849628301 -0.69849781851454495 -0.69849781851454606 
1 2.2473696060387698 -25.9503561859208 -23.254833936022798 0.15556861849628301 0.69849781851454495 -0.69849781851454606 
1 1.87705711955257 -27.613046685325703 -25 0.21739235584449806 0.97608430149264225 0 
3 -3.1000000000000001 -21.899999999999999 -25 0 0.57474742647111909 -0.81833085959459306 0 0.81833085959459306 0.57474742647111909 1 -0 0 7.4541976860337202 6.1000000000000005
2 -3.1000000000000001 -21.899999999999999 -24.5 0 0 1 1 0 -0 -0 1 0 6.1000000000000005
1 -9.0541142391051199 -23.226093370651498 -25 0 0 1 
2 -3.1000000000000001 -21.899999999999999 3.5 0 0 1 1 0 -0 -0 1 0 6.1000000000000005
1 -4.6674102529223598 -16.004813395741099 -25 0 0 1 
3 -3.1000000000000001 -21.899999999999999 -28.620307366270801 -0.48240343069197417 0.72064019133831725 -0.49796048506331014 -0.27700406336877487 0.4138035688121538 0.86719972054626082 0.83099679838962159 0.55627719804626052 -1.3877787807814457e-16 12.2499679853602 6.1000000000000005
1 -8.0770571195525598 -27.613046685325703 -24.5 0.21739235584449806 -0.97608430149264225 0 
1 -7.4036961726382495 -30.636414489442199 -18.568775632501403 0.15556861849628301 -0.69849781851454495 0.69849781851454606 
1 -8.5172903340854589 -25.636414489442199 2.5687756325014299 -0.15556861849628301 0.69849781851454495 0.69849781851454606 
7 0 0  3 4 2  -8.6683837213449699 -24.958010307333598 3.2471798146100501  -8.7945499798542208 -24.3915280875216 3.4092757494845403  -8.9229270015762499 -23.815119615896801 3.5  -9.0541142391051199 -23.226093370651498 3.5 
 0 4 0.00179227295745894 4
2 -3.1000000000000001 -21.899999999999999 -25 0 0 1 1 0 -0 -0 1 0 5.5999999999999996
1 3 -21.899999999999999 -25 1 0 0 
1 1.5809536482720299 -25.3191597032842 -25 -0.68766141949469983 -0.72603152282702876 0 
1 -1.6139284707605799 -27 -25 -1 0 0 
1 -7.7809536482720301 -25.3191597032842 -25 0.68766141949470039 -0.72603152282702832 0 
1 -7.6387927761673904 -27.280849841341897 -25 -0.21739235584449806 0.97608430149264225 0 
1 0.90000000000001101 -27 4 1 0 0 
1 -0.45853315706693099 -27.033332824433799 4 0.68766141949469983 0.72603152282702876 0 
1 2 -25.938999098539398 4 0 1 0 
1 3 -14.9877155080899 4 -1 0 0 
1 0 -9.9342762558313904 4 -0.60952748072622775 -0.7927649400922937 0 
2 -3.1000000000000001 -21.899999999999999 4 0 0 1 1 0 -0 -0 1 0 5.5999999999999996
3 -1.93424643098837 -12.449999999999999 5.5999999999999996 0.7927649400922937 -0.60952748072622775 0 -0.60952748072622775 -0.7927649400922937 0 0 -0 -1 3.78422385789505 3
3 0.39999999999999403 -12.449999999999999 5.5999999999999996 -0.70710678118654757 0 -0.70710678118654757 -0.70710678118654757 0 0.70710678118654757 0 1 0 4.2426406871192794 3
3 -3.1000000000000001 -14.1380521401294 -19.548464713803298 0 0.57474742647111909 -0.81833085959459306 0 0.81833085959459306 0.57474742647111909 1 -0 0 13.504971927456999 7.8669306341610703
1 1.6928055986036099 -10.805869388807301 -17.208135691135599 0.53254323893377864 0.69263753031591058 0.48646783065665966 
1 1.7057892010481401 -1.5477665291114 -10.7057892010481 0.49830654488198994 -0.70949360437959397 -0.49830654488198894 
1 -1.3850823611300198 1.53729409717496 -8.5390242126864884 -0.311090236942344 -0.77772559235586003 -0.54622867690545407 
1 3 7.1494948529422393 -4.5973447521141395 1 0 0 
1 -2 -12.5355205480419 -25 0 0 -1 
1 0.037205475281863201 -9.8858859907234198 -9.0372054752818602 -0.52046511374002491 -0.67692845320548178 0.52046511374002491 
1 -5.2604412754713801 -16.776122676995801 -19.112170958744802 -0.53254323893377897 -0.69263753031591002 -0.48646783065665999 
7 0 0  3 4 2  -4.6674102529223598 -16.004813395741099 3.5  -4.8452769633568105 -16.236150778387 3.6778667104344502  -5.0264291073501903 -16.471761268679199 3.84609349495204  -5.2124618206703897 -16.713719535523598 4 
 0 4 0.0010245140928878899 4
1 3.5000208091884302 -5.3820716795715802 0.50002080918842795 -0.52046511374002491 -0.67692845320548178 -0.52046511374002491 
1 -2 -6.7532229319214796 -5 0 -1 0 
1 -2 -8.8119231479643898e-17 -6 0 -6.1232339957367697e-17 -1 
1 -2 -6.7532229319214796 -7 0 -1 0 
1 -4.0464311914913598 -5.1160779787283994 -4.95356880850865 0.34815531191139598 0.87038827977848898 -0.34815531191139598 
1 -1.51515151515152 1.2121212121212099 -4.51515151515152 0.34815531191139598 0.87038827977848898 0.34815531191139598 
1 -3.1000000000000001 -29.899999999999999 -13.733161507461899 0 1 0 
1 -1.7 -29.899999999999999 -12.924871130596399 0.86602540378443849 0 0.50000000000000044 
1 -0.29999999999999399 -29.899999999999999 -12.116580753730901 0 1 0 
1 -0.29999999999999399 -29.899999999999999 -10.5 -6.0360854413546498e-16 0 1 
1 -0.29999999999999399 -29.899999999999999 -8.8834192462690496 0 1 0 
1 -1.7 -29.899999999999999 -8.0751288694035708 -0.86602540378443871 0 0.49999999999999983 
1 -3.1000000000000001 -29.899999999999999 -7.2668384925380893 0 1 0 
1 -4.5 -29.899999999999999 -8.0751288694035708 -0.86602540378443871 0 -0.49999999999999983 
1 -5.8999999999999995 -29.899999999999999 -8.8834192462690496 0 1 0 
1 -5.8999999999999995 -29.899999999999999 -10.5 5.3654092812041402e-16 0 -1 
1 -5.8999999999999995 -29.899999999999999 -12.116580753731 0 1 0 
1 -4.5 -29.899999999999999 -12.924871130596399 0.86602540378443871 0 -0.49999999999999983 
2 -3.1000000000000001 -29.899999999999999 -10.5 0 -1 0 0 0 -1 1 0 0 1.6499999999999999
7 0 0  1 2 2  -3.1000000000000005 -29.899999999999999 -12.15  -3.1000000000000005 -32 -12.15 
 2.8999999999999986 2 5 2
1 -0.049847848834093503 -27.174175104861 -24.825824895139 0.15556861849628301 0.69849781851454495 -0.69849781851454606 
1 -6.2379439849846401 -26.779992749842897 -25.220007250157099 0.15556861849628301 -0.69849781851454495 0.69849781851454606 
1 -1.2208597468276201 -32.431978793736796 -1.4319787937367598 0.15556861849628301 0.69849781851454495 0.69849781851454606 
1 0.90306727152087196 -27.997378098413201 3.0026219015867799 -0.68604670113846733 0.51446084586537122 0.51446084586537122 
7 0 0  3 4 2  -5.4130067012440604 -27 4  -5.5449834689134097 -27.6105262960555 3.38947370394453  -5.6661605802288504 -28.2221339880087 2.7778660119913301  -5.7803802611595803 -28.834438344414 2.1655616555860098 
 0 4 0.0026201701111641098 4
1 -5.1243498235374201 -31.779992749842904 -0.779992749842916 0.15556861849628301 -0.69849781851454495 -0.69849781851454606 
1 6.1068758096433502 -23.681860352347503 -0.106875809643346 -0.69260175492961951 -0.20150835748629087 0.69260175492961951 
1 -6.8712811217878693 -34.447419051369202 3.7327500975208299 0.68766141949469983 0.72603152282702876 1.5021602107187895e-17 
1 -8.9184733718803599 -24.633314844252201 -24.326477729797897 0.71806797941803768 -0.26633732553284789 -0.64299518346757967 
7 0 0  3 7 5  -5.7803802611595803 -28.834438344414 2.1655616555860098  -5.9048506578137099 -28.495650031487003 2.4366888853954398  -6.17715136958721 -27.814788297157001 2.9509925881090302  -6.7310875651642599 -26.738023338657001 3.59414842042065  -7.6130932247212897 -25.669715925804901 3.77338217480732  -8.3217224003180785 -25.169458357163901 3.4492527371101303  -8.6683837213449593 -24.958010307333598 3.2471798146100501 
 0 4 0.0013472163373582 1 0.0026944326747164 1 0.00404164901207461 1 0.0053888653494328096 4
1 2.5302838484504 -25.154634223536 3.4697161515496098 -0.51109152121080625 0.69106505764135417 0.51109152121080625 
1 -8.5660720883588013 -23.1173971927292 -25 -0.69019582859518291 -0.15371960899576198 0.70710678118654691 
Polygon3D 0
PolygonOnTriangulations 0
Surfaces 48
10 0 6.2831853071795862 0.0020000000000006679 29.002000000000002
2 -3.1000000000000001 -21.899999999999999 4.0020000000000007 0 0 -1 -1 0 0 0 1 0 4.1500000000000004
1 -1.6139284707605799 -25.938999098539398 4 0 0 1 1 0 -0 -0 1 0 
1 -1.6139284707605799 -25.938999098539398 -25 0 0 1 1 0 -0 -0 1 0 
1 -4.5 -29.899999999999999 -12.924871130596399 0.49999999999999989 0 0.86602540378443882 0.86602540378443882 0 -0.49999999999999989 -0 1 0 
1 -5.8999999999999995 -29.899999999999999 -10.5 1 0 5.3654092812041402e-16 5.3654092812041402e-16 0 -1 -0 1 0 
1 -4.5 -29.899999999999999 -8.0751288694035708 0.49999999999999989 0 -0.86602540378443882 -0.86602540378443882 0 -0.49999999999999989 0 1 0 
1 -1.7 -29.899999999999999 -8.0751288694035708 -0.49999999999999989 0 -0.86602540378443882 -0.86602540378443882 0 0.49999999999999989 0 1 0 
1 -0.29999999999999399 -29.899999999999999 -10.5 -1 0 -6.0360854413546498e-16 -6.0360854413546498e-16 0 1 0 1 0 
1 -1.7 -29.899999999999999 -12.924871130596399 -0.50000000000000033 0 0.86602540378443849 0.86602540378443849 0 0.50000000000000033 0 1 -0 
1 0 0 0 1 0 0 -0 1 0 0 -0 1 
1 -2 -6.7532229319214796 -7 -0.70710678118654702 0 -0.70710678118654802 0 1 0 0.70710678118654802 0 -0.70710678118654702 
1 3 -20.375 -23.928929765886302 0 0.57474742647111909 -0.81833085959459306 0 0.81833085959459306 0.57474742647111909 1 -0 0 
1 -3.2072587132403902 -17.179001550131701 -21.684248580360101 -0.48240343069197417 0.72064019133831725 -0.49796048506331014 -0.53254323893377886 -0.69263753031591035 -0.48646783065665983 -0.69547439113351539 0.030511739146595745 0.71790278245157702 
1 0 -9.9342762558313904 -25 0.7927649400922937 -0.60952748072622775 0 0 0 1 -0.60952748072622775 -0.7927649400922937 0 
10 0 6.2831853071795862 0 2
2 3 3.5 1.01033360929657e-16 -1 0 0 0 0 1 0 1 -0 1.6499999999999999
1 3 0 0 1 0 0 -0 1 0 0 -0 1 
1 1 0 0 -1 0 0 0 -1 0 0 0 1 
10 0 6.2831853071795862 0 2
2 3 -3.5 1.01033360929657e-16 -1 0 0 0 0 1 0 1 -0 1.6499999999999999
1 1 0 0 -1 0 0 0 -1 0 0 0 1 
1 3 8 0 0 -1 0 0 0 -1 1 0 0 
1 3 8 -2.96068303292496 0 0.88734081008119925 -0.4611141797477511 1 0 0 0 -0.4611141797477511 -0.88734081008119925 
1 0 0 0 1 0 0 -0 1 0 0 -0 1 
1 3 6 4 0 0.70710678118654757 0.70710678118654757 1 0 -0 -0 0.70710678118654757 -0.70710678118654757 
1 3 0 4 0 0 1 1 0 -0 -0 1 0 
2 3 -12.449999999999999 5.5999999999999996 -1 0 0 0 0 1 0 1 -0 3
1 2 -25.938999098539398 4 -0.70710678118654757 0 -0.70710678118654757 0 1 0 0.70710678118654757 0 -0.70710678118654757 
2 -3.1000000000000001 -21.899999999999999 -25 0 0 1 1 0 -0 -0 1 0 6.1000000000000005
1 -2 -8.8119231479643898e-17 -6 -0.92847669088525953 0.37139067635410322 -2.2741120151511213e-17 -3.6977854932234928e-32 6.1232339957367722e-17 1 0.37139067635410322 0.92847669088525953 -5.6852800378778025e-17 
1 0 0 -3 0.70710678118654757 0 -0.70710678118654757 0 -1 0 -0.70710678118654757 -0 -0.70710678118654757 
10 0 6.2831853071795862 0 1
2 1 3.5 2.7248391281028599e-16 -1 0 0 0 0 1 0 1 -0 2.7999999999999998
10 0 6.2831853071795862 0 1
2 1 -3.5 2.7248391281028599e-16 -1 0 0 0 0 1 0 1 -0 2.7999999999999998
1 1.87705711955257 -27.613046685325703 -25 0.97608430149264225 -0.21739235584449806 0 0.21739235584449806 0.97608430149264225 0 -0 0 1 
1 -5.1000000000000005 -32 -25 0 1 0 0 -0 1 1 0 -0 
10 0 6.2831853071795862 2.8999999999999986 5
2 -3.1000000000000001 -27 -10.5 0 -1 0 0 0 -1 1 0 0 1.6499999999999999
1 -1.6139284707605799 -27 -25 0 0.70710678118654802 0.70710678118654702 -1 0 0 0 -0.70710678118654702 0.70710678118654802 
1 2.2473696060387698 -25.9503561859208 -23.254833936022798 0.64257258565597908 -0.60861321098015608 -0.46550019504164913 -0.15556861849628234 -0.69849781851454584 0.6984978185145454 -0.75026587094345931 -0.37641832706557293 -0.54351666574872182 
1 -0.90389627278150797 -40.099433057538604 -11.894242935595001 -0.64257258565597908 0.60861321098015608 -0.46550019504164913 -0.15556861849628234 -0.69849781851454584 -0.6984978185145454 -0.75026587094345931 -0.37641832706557293 0.54351666574872182 
1 -5.1000000000000005 -32 -1 0 -0.70710678118654802 0.70710678118654702 1 0 0 -0 0.70710678118654702 0.70710678118654802 
