<?xml version='1.0' encoding='utf-8'?>
<!-- FreeCAD DocumentObject -->
<Document SchemaVersion="4" FileVersion="2">
<Object name="Binder023">
  <Properties Count="21" TransientCount="1">
    <_Property name="_ElementMapVersion" type="App::PropertyString" status="234881024"/>
    <Property name="BindCopyOnChange" type="App::PropertyEnumeration">
      <Integer value="0"/>
    </Property>
    <Property name="BindMode" type="App::PropertyEnumeration">
      <Integer value="0"/>
    </Property>
    <Property name="Cache_PolarPattern" type="App::PropertyMatrix" group="Cache" attr="0" ro="0" hide="1" doc="" status="69206016">
      <PropertyMatrix a11="1" a12="0" a13="0" a14="0" a21="0" a22="1" a23="0" a24="0" a31="0" a32="0" a33="1" a34="0" a41="0" a42="0" a43="0" a44="1"/>
    </Property>
    <Property name="ClaimChildren" type="App::PropertyBool" status="134217728">
      <Bool value="false"/>
    </Property>
    <Property name="ColoredElements" type="App::PropertyLinkSubHidden" status="218103808">
      <LinkSub value="" count="0">
      </LinkSub>
    </Property>
    <Property name="Context" type="App::PropertyXLink" status="67108864">
      <XLink file="" stamp="" name="Body" sub="Binder023."/>
    </Property>
    <Property name="ExpressionEngine" type="App::PropertyExpressionEngine" status="67108864">
      <ExpressionEngine count="0"></ExpressionEngine>
    </Property>
    <Property name="FillStyle" type="App::PropertyEnumeration">
      <Integer value="0"/>
    </Property>
    <Property name="Fuse" type="App::PropertyBool">
      <Bool value="false"/>
    </Property>
    <Property name="Label" type="App::PropertyString" status="134217728">
      <String value="Binder023(PolarPattern)"/>
    </Property>
    <Property name="Label2" type="App::PropertyString" status="128">
      <String value=""/>
    </Property>
    <Property name="MakeFace" type="App::PropertyBool">
      <Bool value="true"/>
    </Property>
    <Property name="PartialLoad" type="App::PropertyBool" status="1024">
      <Bool value="false"/>
    </Property>
    <Property name="Placement" type="App::PropertyPlacement" status="8388608">
      <PropertyPlacement Px="0" Py="0" Pz="0" Q0="0" Q1="0" Q2="0" Q3="1" A="0" Ox="0" Oy="0" Oz="1"/>
    </Property>
    <Property name="Refine" type="App::PropertyBool">
      <Bool value="false"/>
    </Property>
    <Property name="Relative" type="App::PropertyBool">
      <Bool value="true"/>
    </Property>
    <Property name="Shape" type="Part::PropertyPartShape">
      <Part HasherIndex="0" ElementMap="1.15.70200.4" brep="1">
<![CDATA[

CASCADE Topology V1, (c) Matra-Datavision
Locations 47
1
              1               0               0               0 
              0               1               0               0 
              0               0               1               0 
1
              1               0               0               0 
              0               1               0               0 
              0               0               1               0 
1
              1               0               0               0 
              0              -1               0               0 
              0              -0              -1               0 
1
              1               0               0               0 
              0               1               0               0 
              0               0               1               0 
2  2 1 3 1 4 1 0
1
             -1               0              -0               0 
              0              -1               0               0 
             -0               0               1               0 
1
              1               0               0               0 
              0               1               0               0 
              0               0               1               0 
2  6 1 7 1 0
1
              1               0               0               0 
              0               1               0               0 
              0               0               1               0 
1
-0.946277181563812               0 -0.323356607558357 12.006367855034 
-0.323356607558357               0 0.946277181563812 3.04597683940572 
              0               1               0               0 
1
             -1               0               0               0 
              0               1               0               0 
             -0               0              -1               0 
2  9 1 10 1 11 -1 0
1
              1               0               0 -1.45510473401261 
              0               1               0 -4.25824731703715 
              0               0               1               0 
2  9 1 10 1 11 -1 13 1 0
2  11 -1 0
2  9 1 10 1 0
2  11 -1 13 1 0
1
             -1           1e-30           1e-15               0 
              0              -1           1e-15               0 
          1e-15           1e-15               1               0 
2  6 1 18 1 0
1
             -1               0              -0               0 
              0              -1               0               0 
             -0               0               1               0 
1
              1               0               0               0 
              0               1               0               0 
              0               0               1               0 
2  20 1 21 1 0
1
              1               0               0               0 
              0               1               0               0 
              0               0               1               0 
1
             -1               0               0 11.6069817391863 
              0               0               1 -3.04597683940572 
              0               1              -0               0 
1
             -1               0               0               0 
              0               1               0               0 
             -0               0              -1               0 
2  23 1 24 1 25 -1 0
1
              1               0               0              -0 
              0               1               0            -4.5 
              0               0               1          -1e-15 
2  23 1 24 1 25 -1 27 1 0
2  25 -1 0
2  23 1 24 1 0
2  25 -1 27 1 0
1
             -1           1e-30           1e-15               0 
              0              -1           1e-15               0 
          1e-15           1e-15               1               0 
2  20 1 32 1 0
1
             -1               0              -0               0 
              0              -1               0               0 
             -0               0               1               0 
1
              1               0               0               0 
              0               1               0               0 
              0               0               1               0 
2  34 1 35 1 0
1
              1               0               0               0 
              0               1               0               0 
              0               0               1               0 
1
-0.966598714787454               0 0.256294605037332 9.69593253155006 
0.256294605037332               0 0.966598714787454 -8.74498715924069 
              0               1               0               0 
1
             -1               0               0               0 
              0               1               0               0 
             -0               0              -1               0 
2  37 1 38 1 39 -1 0
1
              1               0               0  1.153325722668 
              0               1               0 -4.34969421654354 
              0               0               1          -1e-15 
2  37 1 38 1 39 -1 41 1 0
2  39 -1 0
2  37 1 38 1 0
2  39 -1 41 1 0
1
             -1           1e-30           1e-15               0 
              0              -1           1e-15               0 
          1e-15           1e-15               1               0 
2  34 1 46 1 0
Curve2ds 0
Curves 24
1 -12.00636785503395 3.0459768394057192 -6.5646381330088177 -0.32335660755835705 -0.94627718156381158 4.0000000000000003e-17 
1 -12.841881014673049 3.3314837776843991 -7.034109695794708 -0.32335660755835705 -0.94627718156381158 4.0000000000000003e-17 
1 0 6.5646381330088195 0 -0.88294759285892721 0.46947156278589036 0 
1 -15.063132150960042 4.0905174371222426 -2.6193717315000962 -0.32335660755835705 -0.94627718156381158 4.0000000000000003e-17 
1 -0.8829475928589271 7.0341096957947098 0 -0.46947156278589935 -0.88294759285892244 0 
1 -14.227618991320902 3.805010498843548 -2.1499001687141819 -0.32335660755835705 -0.94627718156381158 4.0000000000000003e-17 
1 -3.2303054067884234 2.6193717315000979 0 0.88294759285892732 -0.46947156278589036 0 
1 0 6.5646381330088195 0 -0.46947156278589042 -0.88294759285892721 0 
1 -11.606981739186288 -3.0459768394057187 -6.171541663847897 -0 -1 -2.2e-16 
1 -13.954339553115741 -3.0459768394057196 -1.7568036995532614 -0 -1 -2.2e-16 
1 0 6.1715416638478988 0 -0.46947156278589042 -0.88294759285892721 0 
1 -14.837287145974701 -3.0459768394057196 -2.2262752623391693 -0 -1 -2.2e-16 
1 -2.347357813929452 1.7568036995532632 0 -0.8829475928589271 0.46947156278589042 0 
1 -12.489929332045213 -3.0459768394057187 -6.6410132266337945 -0 -1 -2.2e-16 
1 -3.2303054067884118 2.2262752623391711 0 0.46947156278589686 0.88294759285892377 0 
1 0 6.1715416638478988 0 -0.88294759285892366 0.46947156278589702 0 
1 -9.6959325315500582 -8.7449871592406936 -6.1749378060449169 0.25629460503733237 -0.96659871478745407 -2e-16 
1 -11.964885577640555 -9.3466023030430385 -1.7601998417502802 0.25629460503733237 -0.96659871478745407 -2e-16 
1 0 6.174937806044916 0 -0.46947156278589064 -0.8829475928589271 0 
1 -12.818341586122671 -9.5728970076234798 -2.2296714045361719 0.25629460503733237 -0.96659871478745407 -2e-16 
1 -2.3473578139294529 1.7601998417502811 0 -0.88294759285892632 0.46947156278589197 0 
1 -10.549388540032174 -8.9712818638211349 -6.6444093688308072 0.25629460503733237 -0.96659871478745407 -2e-16 
1 -3.2303054067883794 2.2296714045361732 0 0.46947156278589064 0.88294759285892699 0 
1 0 6.174937806044916 0 -0.88294759285892721 0.46947156278589042 0 
Polygon3D 0
PolygonOnTriangulations 0
Surfaces 15
1 -12.00636785503395 3.0459768394057192 -6.5646381330088177 0.44425022725739016 -0.15180673188756572 -0.88294759285892732 -0.83551315963909756 0.28550693827868018 -0.46947156278589025 0.32335660755835705 0.94627718156381158 -2.7755575615628907e-17 
1 -12.841881014673049 3.3314837776843991 -7.034109695794708 -0.83551315963909289 0.28550693827867862 -0.46947156278589935 -0.44425022725739877 0.15180673188756877 0.88294759285892255 0.32335660755835716 0.94627718156381146 -1.1102230246251563e-16 
1 -15.063132150960042 4.0905174371222426 -2.6193717315000962 -0.44425022725739011 0.15180673188756569 0.88294759285892732 0.83551315963909745 -0.28550693827868034 0.4694715627858902 0.32335660755835727 0.94627718156381158 5.5511151231257827e-17 
1 -12.00636785503395 3.0459768394057192 -6.5646381330088177 -0.83551315963909745 0.28550693827868012 -0.46947156278589042 -0.44425022725739033 0.15180673188756577 0.88294759285892721 0.32335660755835705 0.94627718156381169 -5.5511151231257827e-17 
1 13.53475000299699 3.5682471382639789 4.5920049322544436 -0.32335660755835738 0.94627718156381146 -8.9999999999999996e-17 0.94627718156381146 0.32335660755835738 0 2.9102094680252155e-17 -8.5164946340743e-17 -1 
1 -11.606981739186288 -3.0459768394057187 -6.171541663847897 -0.88294759285892732 9.9999999999999998e-17 -0.46947156278589031 -0.46947156278589031 -2e-16 0.88294759285892732 -5.5995532712853307e-18 1 2.2353667485037442e-16 
1 -13.954339553115741 -3.0459768394057196 -1.7568036995532617 0.46947156278589031 2e-16 -0.88294759285892721 -0.88294759285892721 9.9999999999999998e-17 -0.46947156278589031 -5.5995532712853446e-18 1 2.2353667485037447e-16 
1 -14.837287145974701 -3.0459768394057196 -2.2262752623391693 0.88294759285892388 -9.9999999999999998e-17 0.46947156278589675 0.46947156278589675 2.0000000000000002e-16 -0.88294759285892388 -5.59955327128697e-18 1 2.2353667485037442e-16 
1 -11.606981739186288 -3.0459768394057187 -6.171541663847897 0.46947156278589691 2e-16 -0.88294759285892377 -0.88294759285892377 9.9999999999999973e-17 -0.46947156278589691 -5.5995532712870317e-18 1 2.2353667485037437e-16 
1 13.22213444258049 -3.0459768394057196 4.1989084630935265 8.0000000000000006e-17 1 -1.6000000000000001e-16 0 1.6000000000000001e-16 1 1 -8.0000000000000006e-17 1.2800000000000002e-32 
1 -9.6959325315500582 -8.7449871592406936 -6.1749378060449169 -0.85345600848211522 -0.22629470458044196 -0.46947156278589058 -0.45379060921809933 -0.1203230287604691 0.88294759285892721 -0.25629460503733231 0.96659871478745396 1.3877787807814454e-16 
1 -11.964885577640555 -9.3466023030430385 -1.7601998417502802 0.45379060921810049 0.12032302876046948 -0.88294759285892654 -0.85345600848211456 -0.22629470458044187 -0.46947156278589181 -0.25629460503733242 0.96659871478745396 1.6653345369377346e-16 
1 -12.818341586122671 -9.5728970076234816 -2.2296714045361719 0.85345600848211511 0.22629470458044193 0.46947156278589058 0.45379060921809933 0.12032302876046898 -0.88294759285892699 -0.25629460503733231 0.96659871478745407 4.1633363423443376e-17 
1 -9.6959325315500582 -8.7449871592406936 -6.1749378060449169 0.45379060921809899 0.12032302876046908 -0.88294759285892732 -0.85345600848211534 -0.22629470458044199 -0.46947156278589025 -0.25629460503733231 0.96659871478745396 2.081668171172168e-16 
1 11.257137058836362 -9.1589420834320876 4.2023046052905455 0.25629460503733226 0.96659871478745407 -1.9000000000000001e-16 0.96659871478745407 -0.25629460503733226 -1.2325951644078309e-32 -4.8695974957093145e-17 -1.8365375580961628e-16 -1 
Triangulations 0

TShapes 74
Ve
1e-07
0 6.56463813300882 0
0 0

0101101
*
Ed
 1e-07 1 1 0
1  1 0 0 4.5
0

0101000
+74 12 -74 14 *
Ve
1e-07
-0.882947592858927 7.03410969579471 0
0 0

0101101
*
Ed
 1e-07 1 1 0
1  2 0 0 4.5
0

0101000
+72 12 -72 14 *
Ed
 1e-07 1 1 0
1  3 0 0 1
0

0101000
+74 0 -72 0 *
Wi

0101100
+73 0 -71 0 -70 12 +70 14 *
Fa
0  1e-07 1 0

0101000
+69 0 *
Ve
1e-07
-3.23030540678842 2.6193717315001 0
0 0

0101101
*
Ed
 1e-07 1 1 0
1  4 0 0 4.5
0

0101000
+67 12 -67 14 *
Ed
 1e-07 1 1 0
1  5 0 0 5
0

0101000
+72 0 -67 0 *
Wi

0101100
+71 0 -66 0 -65 12 +65 14 *
Fa
0  1e-07 2 0

0101000
+64 0 *
Ve
1e-07
-2.34735781392945 2.14990016871418 0
0 0

0101101
*
Ed
 1e-07 1 1 0
1  6 0 0 4.5
0

0101000
+62 12 -62 14 *
Ed
 1e-07 1 1 0
1  7 0 0 1.00000000000005
0

0101000
+67 0 -62 0 *
Wi

0101100
+66 0 -61 0 -60 12 +60 14 *
Fa
0  1e-07 3 0

0101000
+59 0 *
Ed
 1e-07 1 1 0
1  8 0 0 5
0

0101000
+74 0 -62 0 *
Wi

0101100
+73 0 -61 0 -57 12 +57 14 *
Fa
0  1e-07 4 0

0101000
+56 0 *
Wi

0101100
+70 0 +65 0 +60 0 -57 0 *
Fa
0  1e-07 5 0

0101000
+54 16 *
Sh

0101100
+68 0 +63 0 +58 0 -55 0 +53 15 -53 17 *
So

0100000
+52 0 *
Ve
1e-07
0 6.1715416638479 0
0 0

0101101
*
Ed
 1e-07 1 1 0
1  9 0 0 4.5
0

0101000
+50 26 -50 28 *
Ve
1e-07
-2.34735781392945 1.75680369955326 0
0 0

0101101
*
Ed
 1e-07 1 1 0
1  10 0 0 4.5
0

0101000
+48 26 -48 28 *
Ed
 1e-07 1 1 0
1  11 0 0 5
0

0101000
+50 0 -48 0 *
Wi

0101100
+49 0 -47 0 -46 26 +46 28 *
Fa
0  1e-07 6 0

0101000
+45 0 *
Ve
1e-07
-3.23030540678841 2.22627526233917 0
0 0

0101101
*
Ed
 1e-07 1 1 0
1  12 0 0 4.5
0

0101000
+43 26 -43 28 *
Ed
 1e-07 1 1 0
1  13 0 0 1.00000000000004
0

0101000
+48 0 -43 0 *
Wi

0101100
+47 0 -42 0 -41 26 +41 28 *
Fa
0  1e-07 7 0

0101000
+40 0 *
Ve
1e-07
-0.882947592858924 6.6410132266338 0
0 0

0101101
*
Ed
 1e-07 1 1 0
1  14 0 0 4.5
0

0101000
+38 26 -38 28 *
Ed
 1e-07 1 1 0
1  15 0 0 5.00000000000001
0

0101000
+43 0 -38 0 *
Wi

0101100
+42 0 -37 0 -36 26 +36 28 *
Fa
0  1e-07 8 0

0101000
+35 0 *
Ed
 1e-07 1 1 0
1  16 0 0 1
0

0101000
+50 0 -38 0 *
Wi

0101100
+49 0 -37 0 -33 26 +33 28 *
Fa
0  1e-07 9 0

0101000
+32 0 *
Wi

0101100
+46 0 +41 0 +36 0 -33 0 *
Fa
0  1e-07 10 0

0101000
-30 30 *
Sh

0101100
-44 0 -39 0 -34 0 +31 0 +29 29 -29 31 *
So

0100000
+28 0 *
Ve
1e-07
0 6.17493780604492 0
0 0

0101101
*
Ed
 1e-07 1 1 0
1  17 0 0 4.5
0

0101000
+26 40 -26 42 *
Ve
1e-07
-2.34735781392945 1.76019984175028 0
0 0

0101101
*
Ed
 1e-07 1 1 0
1  18 0 0 4.5
0

0101000
+24 40 -24 42 *
Ed
 1e-07 1 1 0
1  19 0 0 5
0

0101000
+26 0 -24 0 *
Wi

0101100
+25 0 -23 0 -22 40 +22 42 *
Fa
0  1e-07 11 0

0101000
+21 0 *
Ve
1e-07
-3.23030540678838 2.22967140453617 0
0 0

0101101
*
Ed
 1e-07 1 1 0
1  20 0 0 4.5
0

0101000
+19 40 -19 42 *
Ed
 1e-07 1 1 0
1  21 0 0 1
0

0101000
+24 0 -19 0 *
Wi

0101100
+23 0 -18 0 -17 40 +17 42 *
Fa
0  1e-07 12 0

0101000
+16 0 *
Ve
1e-07
-0.882947592858927 6.64440936883081 0
0 0

0101101
*
Ed
 1e-07 1 1 0
1  22 0 0 4.5
0

0101000
+14 40 -14 42 *
Ed
 1e-07 1 1 0
1  23 0 0 5
0

0101000
+19 0 -14 0 *
Wi

0101100
+18 0 -13 0 -12 40 +12 42 *
Fa
0  1e-07 13 0

0101000
+11 0 *
Ed
 1e-07 1 1 0
1  24 0 0 1
0

0101000
+26 0 -14 0 *
Wi

0101100
+25 0 -13 0 -9 40 +9 42 *
Fa
0  1e-07 14 0

0101000
+8 0 *
Wi

0101100
+22 0 +17 0 +12 0 -9 0 *
Fa
0  1e-07 15 0

0101000
-6 44 *
Sh

0101100
-20 0 -15 0 -10 0 +7 0 +5 43 -5 45 *
So

0100000
+4 0 *
Co

0100000
+51 8 +51 19 +27 22 +27 33 +3 36 +3 47 *
Co

1100000
+2 5 *

+1 1 ]]>
      </Part>
      <ElementMap new="1" count="1"><Element key="Dummy" value="Dummy"/></ElementMap>
      <ElementMap2 count="156">
<![CDATA[
16 PostfixCount 27
Edge
Face
Vertex
;:G;XTR;:H123b:7,E
;:G;XTR;:H123b:7,F
;:G0;XTR;:H123b:8,F
;:U;XTR;:H123b:7,E
;:U;XTR;:H123b:7,V
;:H123b,V
;:H123b,E
;FAC;:H123b:4,F
;:G;XTR;:H123d:7,F
;FAC;:H123d:4,F
;:G;XTR;:H123d:7,E
;:H123d,V
;:G0;XTR;:H123d:8,F
;:U;XTR;:H123d:7,E
;:U;XTR;:H123d:7,V
;:H123d,E
;:H123e,V
;:G;XTR;:H123e:7,F
;FAC;:H123e:4,F
;:G;XTR;:H123e:7,E
;:G0;XTR;:H123e:8,F
;:U;XTR;:H123e:7,E
;:U;XTR;:H123e:7,V
;:H123e,E

MapCount 4

ElementMap 1 7 3

Edge

ChildCount 0

NameCount 13
0
$#11.4 0
$#12.4 0
$#a.a 0
$#1b.7 0
$#13.4 0
$#b.a 0
$#1c.7 0
$#14.4 0
$#c.a 0
$#1d.7 0
$#d.a 0
$#1e.7 0

Face

ChildCount 0

NameCount 7
0
$#f.5 0
$#15.5 0
$#16.5 0
$#17.5 0
$#f.b 0
$#19.6 0

Vertex

ChildCount 0

NameCount 9
0
$#2.9 $#3.9 0
$#20.8 0
$#4.9 $#5.9 0
$#21.8 0
$#6.9 $#7.9 0
$#22.8 0
$#8.9 $#9.9 0
$#23.8 0

EndMap

ElementMap 2 8 3

Edge

ChildCount 0

NameCount 13
0
$#27.e 0
$#28.e 0
$#a.13 0
$#31.11 0
$#29.e 0
$#b.13 0
$#32.11 0
$#2a.e 0
$#c.13 0
$#33.11 0
$#d.13 0
$#34.11 0

Face

ChildCount 0

NameCount 7
0
$#25.c 0
$#2b.c 0
$#2c.c 0
$#2d.c 0
$#25.d 0
$#2f.10 0

Vertex

ChildCount 0

NameCount 9
0
$#2.f $#3.f 0
$#36.12 0
$#4.f $#5.f 0
$#37.12 0
$#6.f $#7.f 0
$#38.12 0
$#8.f $#9.f 0
$#39.12 0

EndMap

ElementMap 3 10 3

Edge

ChildCount 0

NameCount 13
0
$#3d.17 0
$#3e.17 0
$#a.1b 0
$#47.19 0
$#3f.17 0
$#b.1b 0
$#48.19 0
$#40.17 0
$#c.1b 0
$#49.19 0
$#d.1b 0
$#4a.19 0

Face

ChildCount 0

NameCount 7
0
$#3b.15 0
$#41.15 0
$#42.15 0
$#43.15 0
$#3b.16 0
$#45.18 0

Vertex

ChildCount 0

NameCount 9
0
$#2.14 $#3.14 0
$#4c.1a 0
$#4.14 $#5.14 0
$#4d.1a 0
$#6.14 $#7.14 0
$#4e.1a 0
$#8.14 $#9.14 0
$#4f.1a 0

EndMap

ElementMap 4 16 3

Edge

ChildCount 6
1 0 12 4814 1 ;:H,E;:H-125c:5,E;:H12ce:11,E 0
1 12 12 4814 1 ;I1;:H:3,E;:H-125c:a,E;:H12ce:16,E 0
1 24 12 4814 2 ;:H,E;:H-125d:5,E;:H12ce:11,E 0
1 36 12 4814 2 ;I1;:H:3,E;:H-125d:a,E;:H12ce:16,E 0
1 48 12 4814 3 ;:H,E;:H-125e:5,E;:H12ce:11,E 0
1 60 12 4814 3 ;I1;:H:3,E;:H-125e:a,E;:H12ce:16,E 0

NameCount 0

Face

ChildCount 6
1 0 6 4814 1 ;:H,F;:H-125c:5,F;:H12ce:11,F 0
1 6 6 4814 1 ;I1;:H:3,F;:H-125c:a,F;:H12ce:16,F 0
1 12 6 4814 2 ;:H,F;:H-125d:5,F;:H12ce:11,F 0
1 18 6 4814 2 ;I1;:H:3,F;:H-125d:a,F;:H12ce:16,F 0
1 24 6 4814 3 ;:H,F;:H-125e:5,F;:H12ce:11,F 0
1 30 6 4814 3 ;I1;:H:3,F;:H-125e:a,F;:H12ce:16,F 0

NameCount 0

Vertex

ChildCount 6
1 0 8 4814 1 ;:H,V;:H-125c:5,V;:H12ce:11,V 0
1 8 8 4814 1 ;I1;:H:3,V;:H-125c:a,V;:H12ce:16,V 0
1 16 8 4814 2 ;:H,V;:H-125d:5,V;:H12ce:11,V 0
1 24 8 4814 2 ;I1;:H:3,V;:H-125d:a,V;:H12ce:16,V 0
1 32 8 4814 3 ;:H,V;:H-125e:5,V;:H12ce:11,V 0
1 40 8 4814 3 ;I1;:H:3,V;:H-125e:a,V;:H12ce:16,V 0

NameCount 0

EndMap
]]>
      </ElementMap2>
    </Property>
    <Property name="Support" type="App::PropertyXLinkSubList">
      <XLinkSubList count="1">
        <XLink file="" stamp="" name="PolarPattern" sub=""/>
      </XLinkSubList>
    </Property>
    <Property name="TreeRank" type="App::PropertyInteger" status="2184">
      <Integer value="626"/>
    </Property>
    <Property name="Visibility" type="App::PropertyBool" status="648">
      <Bool value="false"/>
    </Property>
    <Property name="_Version" type="App::PropertyInteger" status="83886080">
      <Integer value="8"/>
    </Property>
  </Properties>
</Object>
</Document>
