<?xml version='1.0' encoding='utf-8'?>
<!-- FreeCAD DocumentObject -->
<Document SchemaVersion="4" FileVersion="2">
<Object name="Body" Extensions="True">
  <Extensions Count="1">
    <Extension type="App::OriginGroupExtension" name="OriginGroupExtension">
    </Extension>
  </Extensions>
  <Properties Count="18" TransientCount="2">
    <_Property name="_ElementMapVersion" type="App::PropertyString" status="234881024"/>
    <_Property name="_GroupTouched" type="App::PropertyBool" status="100663424"/>
    <Property name="AutoGroupSolids" type="App::PropertyBool" status="134217728">
      <Bool value="false"/>
    </Property>
    <Property name="BaseFeature" type="App::PropertyLink">
      <Link value=""/>
    </Property>
    <Property name="ClaimAllChildren" type="App::PropertyBool" status="8">
      <Bool value="false"/>
    </Property>
    <Property name="ColoredElements" type="App::PropertyLinkSubHidden" status="218103808">
      <LinkSub value="" count="0">
      </LinkSub>
    </Property>
    <Property name="ExportMode" type="App::PropertyEnumeration" status="8">
      <Integer value="0"/>
    </Property>
    <Property name="ExpressionEngine" type="App::PropertyExpressionEngine" status="67108864">
      <ExpressionEngine count="0"></ExpressionEngine>
    </Property>
    <Property name="Group" type="App::PropertyLinkList">
      <LinkList count="113">
        <Link value="Import"/>
        <Link value="Sketch005"/>
        <Link value="Sketch034"/>
        <Link value="Sketch"/>
        <Link value="Sketch004"/>
        <Link value="Sketch003"/>
        <Link value="Sketch001"/>
        <Link value="Pad"/>
        <Link value="Pad001"/>
        <Link value="Pad002"/>
        <Link value="PolarPattern"/>
        <Link value="Pad003"/>
        <Link value="Binder067"/>
        <Link value="DatumPoint029"/>
        <Link value="Binder035"/>
        <Link value="DatumPoint018"/>
        <Link value="DatumPoint019"/>
        <Link value="DatumPoint023"/>
        <Link value="DatumPoint022"/>
        <Link value="DatumPoint021"/>
        <Link value="DatumPoint015"/>
        <Link value="DatumPoint016"/>
        <Link value="DatumPoint017"/>
        <Link value="DatumPoint020"/>
        <Link value="DatumPoint"/>
        <Link value="DatumPoint027"/>
        <Link value="DatumPoint028"/>
        <Link value="DatumPoint030"/>
        <Link value="DatumPoint033"/>
        <Link value="DatumPoint032"/>
        <Link value="DatumPoint031"/>
        <Link value="DatumPoint034"/>
        <Link value="Sketch100"/>
        <Link value="DatumPlane016"/>
        <Link value="DatumPlane015"/>
        <Link value="DatumPlane014"/>
        <Link value="Binder054"/>
        <Link value="Sketch115"/>
        <Link value="Sketch117"/>
        <Link value="Binder057"/>
        <Link value="Binder037"/>
        <Link value="Binder048"/>
        <Link value="Binder063"/>
        <Link value="Binder040"/>
        <Link value="Binder061"/>
        <Link value="Binder028"/>
        <Link value="Binder046"/>
        <Link value="Binder029"/>
        <Link value="Binder041"/>
        <Link value="Sketch103"/>
        <Link value="Sketch116"/>
        <Link value="Binder062"/>
        <Link value="Binder069"/>
        <Link value="DatumPlane"/>
        <Link value="DatumPlane019"/>
        <Link value="DatumPlane018"/>
        <Link value="Sketch118"/>
        <Link value="Sketch106"/>
        <Link value="Sketch107"/>
        <Link value="Sketch105"/>
        <Link value="Sketch104"/>
        <Link value="Sketch102"/>
        <Link value="Sketch119"/>
        <Link value="Sketch101"/>
        <Link value="Sketch120"/>
        <Link value="Sketch121"/>
        <Link value="Sketch122"/>
        <Link value="Sketch123"/>
        <Link value="Wrap001"/>
        <Link value="Wrap002"/>
        <Link value="Wrap"/>
        <Link value="Wrap003"/>
        <Link value="Wrap005"/>
        <Link value="Wrap006"/>
        <Link value="DatumPlane020"/>
        <Link value="DatumPlane017"/>
        <Link value="DatumPoint026"/>
        <Link value="DatumPoint024"/>
        <Link value="DatumPoint025"/>
        <Link value="DatumPoint036"/>
        <Link value="DatumPoint035"/>
        <Link value="DatumPoint037"/>
        <Link value="Sketch114"/>
        <Link value="Sketch124"/>
        <Link value="Pipe002"/>
        <Link value="Pipe001"/>
        <Link value="Pipe"/>
        <Link value="Binder070"/>
        <Link value="Binder066"/>
        <Link value="Binder068"/>
        <Link value="Binder076"/>
        <Link value="Binder077"/>
        <Link value="Sketch127"/>
        <Link value="Sketch128"/>
        <Link value="Binder075"/>
        <Link value="Sketch125"/>
        <Link value="Binder073"/>
        <Link value="Binder074"/>
        <Link value="Sketch126"/>
        <Link value="Binder072"/>
        <Link value="Pipe008"/>
        <Link value="Pipe006"/>
        <Link value="Pipe007"/>
        <Link value="Pipe005"/>
        <Link value="Pipe004"/>
        <Link value="Pipe003"/>
        <Link value="Pipe009"/>
        <Link value="Pipe010"/>
        <Link value="Pipe011"/>
        <Link value="Boolean001"/>
        <Link value="Boolean"/>
        <Link value="Boolean002"/>
        <Link value="Boolean003"/>
      </LinkList>
    </Property>
    <Property name="Label" type="App::PropertyString" status="134217728">
      <String value="Body"/>
    </Property>
    <Property name="Label2" type="App::PropertyString" status="128">
      <String value=""/>
    </Property>
    <Property name="Origin" type="App::PropertyLink" status="67108864">
      <Link value="Origin015"/>
    </Property>
    <Property name="Placement" type="App::PropertyPlacement" status="8388608">
      <PropertyPlacement Px="0" Py="0" Pz="0" Q0="0" Q1="0" Q2="0" Q3="1" A="0" Ox="0" Oy="0" Oz="1"/>
    </Property>
    <Property name="Shape" type="Part::PropertyPartShape">
      <Part HasherIndex="0" ElementMap="1.15.70200.4" brep="1">
<![CDATA[

CASCADE Topology V1, (c) Matra-Datavision
Locations 77
1
              1               0               0               0 
              0               1               0               0 
              0               0               1               0 
1
             -1 1.49975978266186e-32 -1.22464679914735e-16               0 
              0              -1 -1.22464679914735e-16               0 
-1.22464679914735e-16 -1.22464679914735e-16               1               0 
1
              1               0               0               0 
              0               1               0               0 
              0               0               1               0 
1
              1              -0               0               0 
              0              -1 1.22464679914735e-16               0 
             -0 -1.22464679914735e-16              -1               0 
1
              1               0               0               0 
              0              -1 1.22464679914735e-16               0 
              0 -1.22464679914735e-16              -1               0 
2  2 1 3 1 4 1 5 -1 0
1
              1              -0               0               0 
              0              -1 1.22464679914735e-16               0 
             -0 -1.22464679914735e-16              -1               0 
2  7 -1 5 1 4 -1 3 -1 2 -1 0
1
              1               0               0               0 
              0               1               0               0 
              0               0               1               0 
1
-0.946277181563812               0 -0.323356607558357 12.006367855034 
-0.323356607558357               0 0.946277181563812 3.04597683940572 
              0               1               0               0 
1
             -1               0 1.22464679914735e-16               0 
              0               1               0               0 
-1.22464679914735e-16               0              -1               0 
2  9 1 10 1 11 -1 0
2  7 -1 5 1 4 -1 3 -1 2 -1 11 1 10 -1 9 -1 0
1
              1               0               0 -1.45510473401261 
              0               1               0 -4.25824731703715 
              0               0               1 1.7819893549327e-16 
2  9 1 10 1 11 -1 14 1 0
2  7 -1 5 1 4 -1 3 -1 2 -1 14 -1 11 1 10 -1 9 -1 0
2  11 -1 0
2  9 1 10 1 0
2  11 -1 14 1 0
1
             -1 1.22464679914735e-16 -4.44089209850063e-16               0 
-1.22464679914735e-16              -1 -1.99159850020592e-16               0 
-4.44089209850063e-16 -1.99159850020592e-16               1               0 
2  2 1 20 1 4 1 5 -1 0
2  7 -1 5 1 4 -1 20 -1 2 -1 0
2  7 -1 5 1 4 -1 20 -1 2 -1 11 1 10 -1 9 -1 0
2  7 -1 5 1 4 -1 20 -1 2 -1 14 -1 11 1 10 -1 9 -1 0
1
             -1 1.49975978266186e-32 -1.22464679914735e-16               0 
              0              -1 -1.22464679914735e-16               0 
-1.22464679914735e-16 -1.22464679914735e-16               1               0 
1
              1               0               0               0 
              0               1               0               0 
              0               0               1               0 
2  25 1 26 1 4 1 5 -1 0
2  7 -1 5 1 4 -1 26 -1 25 -1 0
1
              1               0               0               0 
              0               1               0               0 
              0               0               1               0 
1
             -1               0               0 11.6069817391863 
              0 2.22044604925031e-16               1 -3.04597683940572 
              0               1 -2.22044604925031e-16               0 
1
             -1               0 1.22464679914735e-16               0 
              0               1               0               0 
-1.22464679914735e-16               0              -1               0 
2  29 1 30 1 31 -1 0
2  7 -1 5 1 4 -1 26 -1 25 -1 31 1 30 -1 29 -1 0
1
              1               0               0 -1.2236679661022e-31 
              0               1               0            -4.5 
              0               0               1 -9.99200722162641e-16 
2  29 1 30 1 31 -1 34 1 0
2  7 -1 5 1 4 -1 26 -1 25 -1 34 -1 31 1 30 -1 29 -1 0
2  31 -1 0
2  29 1 30 1 0
2  31 -1 34 1 0
1
             -1 1.22464679914735e-16 -4.44089209850063e-16               0 
-1.22464679914735e-16              -1 -1.99159850020592e-16               0 
-4.44089209850063e-16 -1.99159850020592e-16               1               0 
2  25 1 40 1 4 1 5 -1 0
2  7 -1 5 1 4 -1 40 -1 25 -1 0
2  7 -1 5 1 4 -1 40 -1 25 -1 31 1 30 -1 29 -1 0
2  7 -1 5 1 4 -1 40 -1 25 -1 34 -1 31 1 30 -1 29 -1 0
1
             -1 1.49975978266186e-32 -1.22464679914735e-16               0 
              0              -1 -1.22464679914735e-16               0 
-1.22464679914735e-16 -1.22464679914735e-16               1               0 
1
              1               0               0               0 
              0               1               0               0 
              0               0               1               0 
2  45 1 46 1 4 1 5 -1 0
2  7 -1 5 1 4 -1 46 -1 45 -1 0
1
              1               0               0               0 
              0               1               0               0 
              0               0               1               0 
1
-0.966598714787454               0 0.256294605037332 9.69593253155006 
0.256294605037332               0 0.966598714787454 -8.74498715924069 
              0               1               0               0 
1
             -1               0 1.22464679914735e-16               0 
              0               1               0               0 
-1.22464679914735e-16               0              -1               0 
2  49 1 50 1 51 -1 0
2  7 -1 5 1 4 -1 46 -1 45 -1 51 1 50 -1 49 -1 0
1
              1               0               0  1.153325722668 
              0               1               0 -4.34969421654354 
              0               0               1 -8.90642207085947e-16 
2  49 1 50 1 51 -1 54 1 0
2  7 -1 5 1 4 -1 46 -1 45 -1 54 -1 51 1 50 -1 49 -1 0
2  51 -1 0
2  49 1 50 1 0
2  51 -1 54 1 0
1
             -1 1.22464679914735e-16 -4.44089209850063e-16               0 
-1.22464679914735e-16              -1 -1.99159850020592e-16               0 
-4.44089209850063e-16 -1.99159850020592e-16               1               0 
2  45 1 60 1 4 1 5 -1 0
2  7 -1 5 1 4 -1 60 -1 45 -1 0
2  7 -1 5 1 4 -1 60 -1 45 -1 51 1 50 -1 49 -1 0
2  7 -1 5 1 4 -1 60 -1 45 -1 54 -1 51 1 50 -1 49 -1 0
2  7 -1 0
1
              1               0               0               0 
              0               1               0               0 
              0               0               1               0 
1
              1 5.53455165456373e-49 -1.32307664362474e-31 2.10194769648723e-45 
1.32307664362474e-31 -6.66133814775094e-16               1            43.8 
-8.75811540203011e-47              -1 -6.66133814775094e-16 1.26217744835362e-29 
2  66 1 67 1 5 -1 0
2  5 1 67 -1 66 -1 0
2  7 -1 5 1 67 -1 66 -1 0
1
              1               0               0 1.32307664362474e-31 
              0               1               0               1 
              0               0               1 -8.44109645921087e-16 
2  66 1 67 1 5 -1 71 1 0
2  71 -1 5 1 67 -1 66 -1 0
2  7 -1 71 -1 5 1 67 -1 66 -1 0
2  5 -1 0
2  66 1 67 1 0
2  5 -1 71 1 0
Curve2ds 40
1 1.5707963267948981 0 0 -1 
1 2.0943951023932001 0 0 -1 
1 0 0 1 0 
1 0 -1 1 0 
1 2.0943951023932001 0 0 -1 
1 3.1415926535897931 0 0 -1 
1 0 0 1 0 
1 0 -1 1 0 
1 0 0 0 -1 
1 1.5707963267948966 0 0 -1 
1 0 0 1 0 
1 0 -1 1 0 
1 0 0 0 -1 
1 1.5707963267948966 0 0 -1 
1 0 0 1 0 
1 0 -1 1 0 
1 1.5707963267948966 0 0 -1 
1 3.1415926535897931 0 0 -1 
1 0 0 1 0 
1 0 -1 1 0 
1 3.1415926535897931 0 0 -1 
1 4.1887902047863861 0 0 -1 
1 0 0 1 0 
1 0 -1 1 0 
1 4.1887902047863861 0 0 -1 
1 4.7123889803846879 0 0 -1 
1 0 0 1 0 
1 0 -1 1 0 
1 4.7123889803846897 0 0 -1 
1 6.2831853071795862 0 0 -1 
1 0 0 1 0 
1 0 -1 1 0 
1 4.7123889803846897 0 0 -1 
1 6.2831853071795862 0 0 -1 
1 0 0 1 0 
1 0 -1 1 0 
1 3.1415926535897931 0 0 -1 
1 4.7123889803846879 0 0 -1 
1 0 0 1 0 
1 0 -1 1 0 
Curves 180
1 -12.006367855034004 -3.0459768394057196 7.3310212486175388 -0.32335660755835705 0.94627718156381158 -2.3468482247967669e-16 
1 -12.820016848904636 -3.324012475820922 7.8415812349627094 -0.32335660755835705 0.94627718156381158 -2.3468482247967669e-16 
1 1.9698734749831173 -7.3310212486175379 -5.7646767574029827 -0.68003281653048975 -0.51055998634509847 -0.52619755680248281 
1 -0.78399133818010125 -7.3310212486175361 2.2942877817321725 -0.68003281653048975 -0.51055998634509847 -0.52619755680248281 
1 -15.235673173396549 -4.1494772015197121 3.5423705505945748 -0.32335660755835705 0.94627718156381158 -2.3468482247967669e-16 
1 1.2898406584525319 -7.8415812349627085 -6.2908743142055403 -0.40379219700106239 0.85984213687335387 -0.31244737364573894 
1 -1.4640241547106867 -7.8415812349627068 1.7680902249296158 -0.40379219700106239 0.85984213687335387 -0.31244737364573894 
1 -14.422024179524014 -3.8714415651038596 3.0318105642497453 -0.32335660755835705 0.94627718156381158 -2.3468482247967669e-16 
1 -0.72912032655342118 -3.5423705505945735 -7.8531111824347306 0.68003281653102254 0.51055998634396416 0.52619755680289515 
1 -3.4829851397166398 -3.5423705505945722 0.20585335670042504 0.68003281653102254 0.51055998634396416 0.52619755680289515 
1 1.9698734749831173 -7.3310212486175379 -5.7646767574029827 -0.40379219700085095 0.85984213687351263 -0.31244737364557534 
1 -0.78399133818010125 -7.3310212486175361 2.2942877817321725 -0.40379219700085095 0.85984213687351263 -0.31244737364557534 
1 -12.006367855033997 -3.0459768394057183 7.3310212486175486 -0.32335660755835682 0.94627718156381169 2.8428460252275841e-16 
1 -12.820016848904629 -3.3240124758209206 7.8415812349627201 -0.32335660755835682 0.94627718156381169 2.8428460252275841e-16 
1 1.9698734749831206 -7.3310212486175477 -5.7646767574029809 -0.68003281653048941 -0.51055998634509925 -0.5261975568024827 
1 -0.78399133818009448 -7.3310212486175486 2.2942877817321761 -0.68003281653048941 -0.51055998634509925 -0.5261975568024827 
1 -15.235673173396549 -4.1494772015197086 3.5423705505945873 -0.32335660755835682 0.94627718156381169 2.8428460252275841e-16 
1 1.2898406584525355 -7.8415812349627183 -6.2908743142055377 -0.40379219700106328 0.85984213687335354 -0.31244737364573888 
1 -1.4640241547106796 -7.8415812349627192 1.7680902249296193 -0.40379219700106328 0.85984213687335354 -0.31244737364573888 
1 -14.422024179524014 -3.871441565103857 3.0318105642497573 -0.32335660755835682 0.94627718156381169 2.8428460252275841e-16 
1 -0.72912032655342207 -3.5423705505945859 -7.8531111824347279 0.6800328165310221 0.51055998634396471 0.52619755680289493 
1 -3.4829851397166371 -3.5423705505945868 0.20585335670042904 0.6800328165310221 0.51055998634396471 0.52619755680289493 
1 1.9698734749831206 -7.3310212486175477 -5.7646767574029809 -0.40379219700085178 0.85984213687351219 -0.31244737364557529 
1 -0.78399133818009448 -7.3310212486175486 2.2942877817321761 -0.40379219700085178 0.85984213687351219 -0.31244737364557529 
1 -11.606981739186304 3.0459768394057192 7.2570438236007542 -3.6585070926957735e-32 1 9.9579925010295987e-17 
1 -14.257680388174109 3.0459768394057196 3.0174923529550282 -3.6585070926957735e-32 1 9.9579925010295987e-17 
1 -3.5549261959378959e-15 -7.2570438236007524 6.091953678811441 -0.53013972979755974 0.84791029412914343 -1.0383906276693467e-16 
1 -3.5549261959378959e-15 -7.2570438236007515 15.091953678811441 -0.53013972979755974 0.84791029412914343 -1.0383906276693467e-16 
1 -15.105590682303252 3.0459768394057196 3.5476320827525862 -3.6585070926957735e-32 1 9.9579925010295987e-17 
1 -2.6506986489878082 -3.0174923529550255 6.0919536788114401 -0.84791029412914443 -0.53013972979755819 6.4923392319742198e-17 
1 -2.6506986489878082 -3.017492352955025 15.091953678811439 -0.84791029412914443 -0.53013972979755819 6.4923392319742198e-17 
1 -12.454892033315451 3.0459768394057192 7.7871835533983091 -3.6585070926957735e-32 1 9.9579925010295987e-17 
1 -3.4986089431169511 -3.5476320827525827 6.0919536788114401 0.5301397297975593 -0.84791029412914365 1.0383906276693469e-16 
1 -3.4986089431169511 -3.5476320827525822 15.091953678811439 0.5301397297975593 -0.84791029412914365 1.0383906276693469e-16 
1 -3.5549261959378959e-15 -7.2570438236007524 6.091953678811441 -0.84791029412914698 -0.53013972979755386 6.4923392319741668e-17 
1 -3.5549261959378959e-15 -7.2570438236007515 15.091953678811441 -0.84791029412914698 -0.53013972979755386 6.4923392319741668e-17 
1 -11.606981739186297 3.0459768394057201 7.2570438236007657 2.4492935982947084e-16 1 3.4450928483976655e-16 
1 -14.257680388174107 3.0459768394057223 3.0174923529550415 2.4492935982947084e-16 1 3.4450928483976655e-16 
1 2.8906235190023791e-15 -7.2570438236007631 6.0919536788114419 -0.53013972979756052 0.84791029412914298 2.3368584740641962e-16 
1 6.4433371978028796e-15 -7.2570438236007639 15.091953678811441 -0.53013972979756052 0.84791029412914298 2.3368584740641962e-16 
1 -15.10559068230325 3.0459768394057223 3.5476320827526004 2.4492935982947084e-16 1 3.4450928483976655e-16 
1 -2.6506986489878055 -3.0174923529550388 6.0919536788114428 -0.84791029412914387 -0.53013972979755886 1.4275473321412722e-16 
1 -2.6506986489878019 -3.0174923529550393 15.091953678811443 -0.84791029412914387 -0.53013972979755886 1.4275473321412722e-16 
1 -12.454892033315444 3.0459768394057205 7.7871835533983207 2.4492935982947084e-16 1 3.4450928483976655e-16 
1 -3.498608943116948 -3.5476320827525969 6.0919536788114428 0.53013972979756008 -0.8479102941291432 -2.3368584740641957e-16 
1 -3.4986089431169445 -3.5476320827525973 15.091953678811443 0.53013972979756008 -0.8479102941291432 -2.3368584740641957e-16 
1 2.8906235190023791e-15 -7.2570438236007631 6.0919536788114419 -0.84791029412914654 -0.53013972979755464 1.427547332141284e-16 
1 6.4433371978028796e-15 -7.2570438236007639 15.091953678811441 -0.84791029412914654 -0.53013972979755464 1.427547332141284e-16 
1 -9.6959325315500653 8.7449871592406918 7.2577190096025337 0.25629460503733237 0.96659871478745407 1.4232036179064461e-16 
1 -12.257252449272315 9.4241236681602416 3.017623034116617 0.25629460503733237 0.96659871478745407 1.4232036179064461e-16 
1 4.4825860600682681 -7.2577190096025301 16.905786697909676 -0.46034190346197285 0.84801919509718304 0.2625809906747506 
1 6.7121923825926606 -7.2577190096025319 25.3146043767685 -0.46034190346197285 0.84801919509718304 0.2625809906747506 
1 -13.076946713368343 9.6414664128317504 3.547588546906578 0.25629460503733237 0.96659871478745407 1.4232036179064461e-16 
1 2.180876542758404 -3.0176230341166153 18.218691651283432 -0.73661164929055478 -0.52996551278996062 0.42016643533571679 
1 4.4104828652827965 -3.0176230341166166 26.627509330142257 -0.73661164929055478 -0.52996551278996062 0.42016643533571679 
1 -10.515626795646092 8.9623299039122006 7.7876845223924951 0.25629460503733237 0.96659871478745407 1.4232036179064461e-16 
1 1.444264893467849 -3.5475885469065758 18.638858086619148 0.46034190346197285 -0.84801919509718304 -0.2625809906747506 
1 3.6738712159922415 -3.5475885469065771 27.047675765477972 0.46034190346197285 -0.84801919509718304 -0.2625809906747506 
1 4.4825860600682681 -7.2577190096025301 16.905786697909676 -0.73661164929055456 -0.52996551278996085 0.42016643533571668 
1 6.7121923825926606 -7.2577190096025319 25.3146043767685 -0.73661164929055456 -0.52996551278996085 0.42016643533571668 
1 -9.6959325315500564 8.74498715924069 7.2577190096025443 0.25629460503733259 0.96659871478745396 1.514334289357992e-16 
1 -12.257252449272311 9.4241236681602452 3.0176230341166299 0.25629460503733259 0.96659871478745396 1.514334289357992e-16 
1 4.4825860600682779 -7.2577190096025417 16.905786697909679 -0.46034190346197351 0.8480191950971826 0.2625809906747511 
1 6.7121923825926704 -7.2577190096025426 25.3146043767685 -0.46034190346197351 0.8480191950971826 0.2625809906747511 
1 -13.07694671336834 9.641466412831754 3.5475885469065922 0.25629460503733259 0.96659871478745396 1.514334289357992e-16 
1 2.1808765427584098 -3.0176230341166281 18.218691651283432 -0.73661164929055423 -0.52996551278996129 0.42016643533571668 
1 4.4104828652828019 -3.0176230341166299 26.627509330142253 -0.73661164929055423 -0.52996551278996129 0.42016643533571668 
1 -10.515626795646083 8.9623299039121989 7.7876845223925066 0.25629460503733259 0.96659871478745396 1.514334289357992e-16 
1 1.4442648934678557 -3.5475885469065895 18.638858086619152 0.46034190346197351 -0.8480191950971826 -0.2625809906747511 
1 3.6738712159922482 -3.5475885469065913 27.047675765477969 0.46034190346197351 -0.8480191950971826 -0.2625809906747511 
1 4.4825860600682779 -7.2577190096025417 16.905786697909679 -0.73661164929055412 -0.52996551278996162 0.42016643533571668 
1 6.7121923825926704 -7.2577190096025426 25.3146043767685 -0.73661164929055412 -0.52996551278996162 0.42016643533571668 
1 -1.1999999999997817 43.799999999999997 17.561284993072992 1.323076643624738e-31 -1 7.2164496600635175e-16 
1 -1.8698729810775894 43.799999999999997 15.061284993072992 1.323076643624738e-31 -1 7.2164496600635175e-16 
2 -6.1999999999997817 17.561284993073063 -87.599999999999966 -1.3230766436247384e-31 7.8859849468982927e-16 -1 1.1417835887379894e-46 1 7.8859849468982927e-16 1 -9.8407339216249067e-48 -1.3230766436247384e-31 5
2 -6.1999999999997817 17.561284993073063 -85.599999999999966 -1.3230766436247384e-31 7.8859849468982927e-16 -1 1.1417835887379894e-46 1 7.8859849468982927e-16 1 -9.8407339216249067e-48 -1.3230766436247384e-31 5
1 -4.0991869112461288 43.79999999999999 11.199999999999992 1.323076643624738e-31 -1 7.2164496600635175e-16 
1 -1.8698729810775785 15.061284993073068 -87.599999999999966 -0.49999999999999906 -0.86602540378443926 -1.0605752387249065e-16 
1 -1.8698729810775785 15.061284993073068 -85.599999999999966 -0.49999999999999906 -0.86602540378443926 -1.0605752387249065e-16 
1 -8.4293139301683109 43.79999999999999 8.6999999999999957 1.323076643624738e-31 -1 7.2164496600635175e-16 
2 -8.4293139301683109 13.70000000000006 -87.599999999999966 -1.3230766436247384e-31 7.8859849468982927e-16 -1 1.1417835887379894e-46 1 7.8859849468982927e-16 1 -9.8407339216249067e-48 -1.3230766436247384e-31 5
2 -8.4293139301683109 13.70000000000006 -85.599999999999966 -1.3230766436247384e-31 7.8859849468982927e-16 -1 1.1417835887379894e-46 1 7.8859849468982927e-16 1 -9.8407339216249067e-48 -1.3230766436247384e-31 5
1 -12.981818181817969 43.79999999999999 8.6999999999999993 1.323076643624738e-31 -1 7.2164496600635175e-16 
1 -12.981818181817969 8.7000000000000632 -87.599999999999966 1 -7.8038668003728487e-16 -3.6018513370543674e-31 
1 -12.981818181817969 8.7000000000000632 -85.599999999999966 1 -7.8038668003728487e-16 -3.6018513370543674e-31 
1 -12.981818181817969 43.799999999999997 19.800000000000001 1.323076643624738e-31 -1 7.2164496600635175e-16 
1 -12.981818181817969 8.7000000000000632 -87.599999999999966 1.5096105435503846e-47 1 1.2246467991473535e-16 
1 -12.981818181817969 8.7000000000000632 -85.599999999999966 1.5096105435503846e-47 1 1.2246467991473535e-16 
1 -2.1999999999997826 43.799999999999997 19.800000000000004 1.323076643624738e-31 -1 7.2164496600635175e-16 
1 -2.199999999999783 19.800000000000065 -87.599999999999966 -1 -1.7309926097329338e-47 2.6461532872494764e-31 
1 -2.199999999999783 19.800000000000065 -85.599999999999966 -1 -1.7309926097329338e-47 2.6461532872494764e-31 
1 -1.1999999999997817 43.799999999999997 18.799999999999997 1.323076643624738e-31 -1 7.2164496600635175e-16 
2 -2.1999999999997817 18.800000000000072 -87.599999999999966 -1.3230766436247384e-31 7.8859849468982927e-16 -1 1.1417835887379894e-46 1 7.8859849468982927e-16 1 -9.8407339216249067e-48 -1.3230766436247384e-31 1
2 -2.1999999999997817 18.800000000000072 -85.599999999999966 -1.3230766436247384e-31 7.8859849468982927e-16 -1 1.1417835887379894e-46 1 7.8859849468982927e-16 1 -9.8407339216249067e-48 -1.3230766436247384e-31 1
1 -1.1999999999997815 17.561284993073055 -87.599999999999966 1.5096105435503846e-47 1 1.2246467991473535e-16 
1 -1.1999999999997815 17.561284993073055 -85.599999999999966 1.5096105435503846e-47 1 1.2246467991473535e-16 
1 17.818181818182051 43.79999999999999 8.6999999999999975 1.323076643624738e-31 -1 7.2164496600635175e-16 
1 17.818181818182051 43.799999999999997 19.800000000000001 1.323076643624738e-31 -1 7.2164496600635175e-16 
1 17.818181818182051 8.7000000000000615 -87.599999999999966 1.5096105435503846e-47 1 1.2246467991473535e-16 
1 17.818181818182051 8.7000000000000615 -85.599999999999966 1.5096105435503846e-47 1 1.2246467991473535e-16 
1 25.400000000000109 43.799999999999997 19.799999999999997 1.323076643624738e-31 -1 7.2164496600635175e-16 
1 25.399999999999999 19.800000000000065 -87.599999999999966 -1 -1.7309926097329338e-47 2.6461532872494764e-31 
1 25.399999999999999 19.800000000000065 -85.599999999999966 -1 -1.7309926097329338e-47 2.6461532872494764e-31 
1 27.400000000000222 43.799999999999997 17.799999999999997 1.323076643624738e-31 -1 7.2164496600635175e-16 
2 25.400000000000219 17.800000000000061 -87.599999999999966 -1.3230766436247384e-31 7.8859849468982927e-16 -1 1.1417835887379894e-46 1 7.8859849468982927e-16 1 -9.8407339216249067e-48 -1.3230766436247384e-31 2
2 25.400000000000219 17.800000000000061 -85.599999999999966 -1.3230766436247384e-31 7.8859849468982927e-16 -1 1.1417835887379894e-46 1 7.8859849468982927e-16 1 -9.8407339216249067e-48 -1.3230766436247384e-31 2
1 27.400000000000222 43.79999999999999 10.699999999999996 1.323076643624738e-31 -1 7.2164496600635175e-16 
1 27.400000000000222 17.800000000000058 -87.599999999999966 -1.5096105435503846e-47 -1 -1.2246467991473535e-16 
1 27.400000000000222 17.800000000000058 -85.599999999999966 -1.5096105435503846e-47 -1 -1.2246467991473535e-16 
1 25.400000000000109 43.79999999999999 8.6999999999999957 1.323076643624738e-31 -1 7.2164496600635175e-16 
2 25.400000000000219 10.70000000000006 -87.599999999999966 -1.3230766436247384e-31 7.8859849468982927e-16 -1 1.1417835887379894e-46 1 7.8859849468982927e-16 1 -9.8407339216249067e-48 -1.3230766436247384e-31 2
2 25.400000000000219 10.70000000000006 -85.599999999999966 -1.3230766436247384e-31 7.8859849468982927e-16 -1 1.1417835887379894e-46 1 7.8859849468982927e-16 1 -9.8407339216249067e-48 -1.3230766436247384e-31 2
1 17.818181818182051 8.7000000000000615 -87.599999999999966 1 -2.3429166946526807e-16 -2.9330778303270067e-31 
1 17.818181818182051 8.7000000000000615 -85.599999999999966 1 -2.3429166946526807e-16 -2.9330778303270067e-31 
1 8.6181818181820535 43.799999999999997 19.800000000000001 1.323076643624738e-31 -1 7.2164496600635175e-16 
1 8.6181818181820535 43.79999999999999 8.6999999999999993 1.323076643624738e-31 -1 7.2164496600635175e-16 
1 8.6181818181820535 19.800000000000065 -87.599999999999966 -1.5096105435503846e-47 -1 -1.2246467991473535e-16 
1 8.6181818181820535 19.800000000000065 -85.599999999999966 -1.5096105435503846e-47 -1 -1.2246467991473535e-16 
1 8.4293139301687479 43.79999999999999 8.6999999999999957 1.323076643624738e-31 -1 7.2164496600635175e-16 
1 8.4293139301687479 8.7000000000000597 -87.599999999999966 1 1.8810575562481079e-14 2.0390157865462407e-30 
1 8.4293139301687479 8.7000000000000597 -85.599999999999966 1 1.8810575562481079e-14 2.0390157865462407e-30 
1 4.0991869112465995 43.79999999999999 11.199999999999989 1.323076643624738e-31 -1 7.2164496600635175e-16 
2 8.4293139301687479 13.70000000000006 -87.599999999999966 -1.3230766436247384e-31 7.8859849468982927e-16 -1 1.1417835887379894e-46 1 7.8859849468982927e-16 1 -9.8407339216249067e-48 -1.3230766436247384e-31 5
2 8.4293139301687479 13.70000000000006 -85.599999999999966 -1.3230766436247384e-31 7.8859849468982927e-16 -1 1.1417835887379894e-46 1 7.8859849468982927e-16 1 -9.8407339216249067e-48 -1.3230766436247384e-31 5
1 1.8698729810780619 43.799999999999997 15.061284993072983 1.323076643624738e-31 -1 7.2164496600635175e-16 
1 4.0991869112466315 11.200000000000067 -87.599999999999966 -0.49999999999999928 0.86602540378443904 1.0605752387249089e-16 
1 4.0991869112466315 11.200000000000067 -85.599999999999966 -0.49999999999999928 0.86602540378443904 1.0605752387249089e-16 
1 1.2000000000002187 43.799999999999997 17.561284993072988 1.323076643624738e-31 -1 7.2164496600635175e-16 
2 6.2000000000002187 17.561284993073063 -87.599999999999966 -1.3230766436247384e-31 7.8859849468982927e-16 -1 1.1417835887379894e-46 1 7.8859849468982927e-16 1 -9.8407339216249067e-48 -1.3230766436247384e-31 5
2 6.2000000000002187 17.561284993073063 -85.599999999999966 -1.3230766436247384e-31 7.8859849468982927e-16 -1 1.1417835887379894e-46 1 7.8859849468982927e-16 1 -9.8407339216249067e-48 -1.3230766436247384e-31 5
1 1.2000000000002187 43.799999999999997 18.799999999999997 1.323076643624738e-31 -1 7.2164496600635175e-16 
1 1.2000000000002184 17.561284993073055 -87.599999999999966 1.5096105435503846e-47 1 1.2246467991473535e-16 
1 1.2000000000002184 17.561284993073055 -85.599999999999966 1.5096105435503846e-47 1 1.2246467991473535e-16 
1 2.2000000000001094 43.799999999999997 19.799999999999997 1.323076643624738e-31 -1 7.2164496600635175e-16 
2 2.2000000000002187 18.800000000000061 -87.599999999999966 -1.3230766436247384e-31 7.8859849468982927e-16 -1 1.1417835887379894e-46 1 7.8859849468982927e-16 1 -9.8407339216249067e-48 -1.3230766436247384e-31 1
2 2.2000000000002187 18.800000000000061 -85.599999999999966 -1.3230766436247384e-31 7.8859849468982927e-16 -1 1.1417835887379894e-46 1 7.8859849468982927e-16 1 -9.8407339216249067e-48 -1.3230766436247384e-31 1
1 8.6181818181820535 19.800000000000065 -87.599999999999966 -1 -1.7309926097329338e-47 2.6461532872494764e-31 
1 8.6181818181820535 19.800000000000065 -85.599999999999966 -1 -1.7309926097329338e-47 2.6461532872494764e-31 
1 9.8181818181820528 43.79999999999999 8.6999999999999957 1.323076643624738e-31 -1 7.2164496600635175e-16 
1 9.8181818181820528 43.799999999999997 19.800000000000001 1.323076643624738e-31 -1 7.2164496600635175e-16 
1 9.8181818181820528 8.7000000000000597 -87.599999999999966 1.5096105435503846e-47 1 1.2246467991473535e-16 
1 9.8181818181820528 8.7000000000000597 -85.599999999999966 1.5096105435503846e-47 1 1.2246467991473535e-16 
1 16.618181818182052 43.799999999999997 19.800000000000001 1.323076643624738e-31 -1 7.2164496600635175e-16 
1 9.8181818181820528 19.800000000000065 -87.599999999999966 1 1.7309926097329338e-47 -2.6461532872494764e-31 
1 9.8181818181820528 19.800000000000065 -85.599999999999966 1 1.7309926097329338e-47 -2.6461532872494764e-31 
1 16.618181818182052 43.79999999999999 8.6999999999999975 1.323076643624738e-31 -1 7.2164496600635175e-16 
1 16.618181818182052 19.800000000000065 -87.599999999999966 -1.5096105435503846e-47 -1 -1.2246467991473535e-16 
1 16.618181818182052 19.800000000000065 -85.599999999999966 -1.5096105435503846e-47 -1 -1.2246467991473535e-16 
1 9.8181818181820528 8.7000000000000597 -87.599999999999966 1 2.6122894697062513e-16 -2.3262400934972665e-31 
1 9.8181818181820528 8.7000000000000597 -85.599999999999966 1 2.6122894697062513e-16 -2.3262400934972665e-31 
1 -14.18181818181797 43.799999999999997 19.800000000000001 1.323076643624738e-31 -1 7.2164496600635175e-16 
1 -14.18181818181797 43.79999999999999 8.6999999999999993 1.323076643624738e-31 -1 7.2164496600635175e-16 
1 -14.18181818181797 19.800000000000065 -87.599999999999966 -1.5096105435503846e-47 -1 -1.2246467991473535e-16 
1 -14.18181818181797 19.800000000000065 -85.599999999999966 -1.5096105435503846e-47 -1 -1.2246467991473535e-16 
1 -20.981818181817971 43.79999999999999 8.7000000000000011 1.323076643624738e-31 -1 7.2164496600635175e-16 
1 -20.981818181817971 8.7000000000000632 -87.599999999999966 1 1.7309926097329338e-47 -2.6461532872494764e-31 
1 -20.981818181817971 8.7000000000000632 -85.599999999999966 1 1.7309926097329338e-47 -2.6461532872494764e-31 
1 -20.981818181817971 43.799999999999997 19.800000000000001 1.323076643624738e-31 -1 7.2164496600635175e-16 
1 -20.981818181817971 8.7000000000000668 -87.599999999999966 1.5096105435503846e-47 1 1.2246467991473535e-16 
1 -20.981818181817971 8.7000000000000668 -85.599999999999966 1.5096105435503846e-47 1 1.2246467991473535e-16 
1 -14.18181818181797 19.800000000000065 -87.599999999999966 -1 -1.7309926097329338e-47 2.6461532872494764e-31 
1 -14.18181818181797 19.800000000000065 -85.599999999999966 -1 -1.7309926097329338e-47 2.6461532872494764e-31 
1 -27.399999999999778 43.799999999999997 17.800000000000001 1.323076643624738e-31 -1 7.2164496600635175e-16 
1 -25.399999999999888 43.799999999999997 19.800000000000011 1.323076643624738e-31 -1 7.2164496600635175e-16 
2 -25.399999999999778 17.800000000000072 -87.599999999999966 -1.3230766436247384e-31 7.8859849468982927e-16 -1 1.1417835887379894e-46 1 7.8859849468982927e-16 1 -9.8407339216249067e-48 -1.3230766436247384e-31 2
2 -25.399999999999778 17.800000000000072 -85.599999999999966 -1.3230766436247384e-31 7.8859849468982927e-16 -1 1.1417835887379894e-46 1 7.8859849468982927e-16 1 -9.8407339216249067e-48 -1.3230766436247384e-31 2
1 -22.18181818181797 43.799999999999997 19.800000000000001 1.323076643624738e-31 -1 7.2164496600635175e-16 
1 -22.18181818181797 19.800000000000065 -87.599999999999966 -1 3.3118517344748269e-15 6.7020019131246837e-31 
1 -22.18181818181797 19.800000000000065 -85.599999999999966 -1 3.3118517344748269e-15 6.7020019131246837e-31 
1 -22.18181818181797 43.79999999999999 8.7000000000000028 1.323076643624738e-31 -1 7.2164496600635175e-16 
1 -22.18181818181797 19.800000000000065 -87.599999999999966 -1.5096105435503846e-47 -1 -1.2246467991473535e-16 
1 -22.18181818181797 19.800000000000065 -85.599999999999966 -1.5096105435503846e-47 -1 -1.2246467991473535e-16 
1 -25.399999999999778 43.79999999999999 8.6999999999999957 1.323076643624738e-31 -1 7.2164496600635175e-16 
1 -25.399999999999778 8.7000000000000597 -87.599999999999966 1 2.2079011563167024e-15 5.774579666751357e-33 
1 -25.399999999999778 8.7000000000000597 -85.599999999999966 1 2.2079011563167024e-15 5.774579666751357e-33 
1 -27.399999999999778 43.79999999999999 10.699999999999992 1.323076643624738e-31 -1 7.2164496600635175e-16 
2 -25.399999999999778 10.70000000000006 -87.599999999999966 -1.3230766436247384e-31 7.8859849468982927e-16 -1 1.1417835887379894e-46 1 7.8859849468982927e-16 1 -9.8407339216249067e-48 -1.3230766436247384e-31 2
2 -25.399999999999778 10.70000000000006 -85.599999999999966 -1.3230766436247384e-31 7.8859849468982927e-16 -1 1.1417835887379894e-46 1 7.8859849468982927e-16 1 -9.8407339216249067e-48 -1.3230766436247384e-31 2
1 -27.399999999999782 17.800000000000058 -87.599999999999966 -1.5096105435503846e-47 -1 -1.2246467991473535e-16 
1 -27.399999999999782 17.800000000000058 -85.599999999999966 -1.5096105435503846e-47 -1 -1.2246467991473535e-16 
Polygon3D 0
PolygonOnTriangulations 0
Surfaces 84
1 -12.006367855034004 -3.0459768394057196 7.3310212486175388 0.48313126489789798 0.16509294513959238 0.8598421368735617 -0.81364899387051892 -0.27803563641516332 0.51055998634509869 0.3233566075583571 -0.94627718156381158 2.2204460492503131e-16 
1 -12.820016848904636 -3.324012475820922 7.8415812349627094 -0.8136489938703223 -0.2780356364150961 0.51055998634544875 -0.48313126489822927 -0.16509294513970563 -0.85984213687335376 0.3233566075583571 -0.94627718156381158 2.4980018054066022e-16 
1 -15.235673173396549 -4.1494772015197121 3.5423705505945753 -0.48313126489682434 -0.16509294513922551 -0.85984213687423539 0.81364899387115652 0.27803563641538132 -0.51055998634396416 0.32335660755835727 -0.94627718156381158 1.3877787807814457e-16 
1 -12.006367855034004 -3.0459768394057196 7.3310212486175388 -0.81364899387047251 -0.27803563641514745 0.51055998634518152 -0.48313126489797636 -0.16509294513961922 -0.85984213687351252 0.3233566075583571 -0.94627718156381146 2.4980018054066017e-16 
1 13.621020514214999 -3.5977270204626217 -5.4366958996058896 -0.32335660755835649 -0.9462771815638118 -7.0393296157047133e-16 0.9462771815638118 -0.32335660755835649 4.2394236516037149e-16 -6.2878836085138711e-16 -5.2903113388624883e-16 1 
1 13.621020514214999 4.9187676136116822 -5.4366958996058887 -0.32335660755835649 -0.9462771815638118 -7.0393296157047133e-16 0.9462771815638118 -0.32335660755835649 4.2394236516037149e-16 -6.2878836085138711e-16 -5.2903113388624883e-16 1 
1 -12.006367855033997 -3.0459768394057183 7.3310212486175486 0.48313126489789882 0.16509294513959205 0.85984213687356126 -0.8136489938705187 -0.27803563641516327 0.51055998634509936 0.32335660755835682 -0.94627718156381158 -3.3306690738754691e-16 
1 -12.820016848904629 -3.3240124758209206 7.8415812349627201 -0.81364899387032197 -0.27803563641509599 0.5105599863454493 -0.48313126489822994 -0.16509294513970524 -0.85984213687335354 0.32335660755835682 -0.94627718156381169 -2.7755575615628914e-16 
1 -15.235673173396549 -4.1494772015197086 3.5423705505945877 -0.48313126489682517 -0.16509294513922518 -0.85984213687423494 0.81364899387115619 0.27803563641538098 -0.51055998634396482 0.32335660755835677 -0.94627718156381169 -2.2204460492503131e-16 
1 -12.006367855033997 -3.0459768394057183 7.3310212486175486 -0.81364899387047218 -0.27803563641514734 0.51055998634518207 -0.48313126489797709 -0.16509294513961884 -0.85984213687351219 0.32335660755835682 -0.94627718156381158 -2.7755575615628909e-16 
1 13.621020514214996 -3.5977270204626191 -5.4366958996059012 -0.32335660755835627 -0.94627718156381191 -1.8496353656803658e-16 0.94627718156381191 -0.32335660755835627 -3.3732107967336556e-16 2.5939005884873807e-16 -2.8410177405677814e-16 1 
1 13.621020514214994 4.9187676136116849 -5.436695899605902 -0.32335660755835627 -0.94627718156381191 -1.8496353656803658e-16 0.94627718156381191 -0.32335660755835627 -3.3732107967336556e-16 2.5939005884873807e-16 -2.8410177405677814e-16 1 
