<?xml version='1.0' encoding='utf-8'?>
<!-- FreeCAD DocumentObject -->
<Document SchemaVersion="4" FileVersion="2">
<Object name="Pad">
  <Properties Count="42" TransientCount="2">
    <_Property name="_Body" type="App::PropertyLinkHidden" status="251658241"/>
    <_Property name="_ElementMapVersion" type="App::PropertyString" status="234881024"/>
    <Property name="AddSubShape" type="Part::PropertyPartShape">
      <Part HasherIndex="0" ElementMap="1.15.70200.4" brep="1">
<![CDATA[

CASCADE Topology V1, (c) Matra-Datavision
Locations 9
1
              1               0               0               0 
              0               1               0               0 
              0               0               1               0 
1
-0.946277181563812               0 -0.323356607558357 12.006367855034 
-0.323356607558357               0 0.946277181563812 3.04597683940572 
              0               1               0               0 
1
             -1               0               0               0 
              0               1               0               0 
             -0               0              -1               0 
2  1 1 2 1 3 -1 0
1
              1               0               0 -1.45510473401261 
              0               1               0 -4.25824731703715 
              0               0               1               0 
2  1 1 2 1 3 -1 5 1 0
2  3 -1 0
2  1 1 2 1 0
2  3 -1 5 1 0
Curve2ds 0
Curves 8
1 -12.00636785503395 3.0459768394057192 -6.5646381330088177 -0.32335660755835705 -0.94627718156381158 4.0000000000000003e-17 
1 -12.841881014673049 3.3314837776843991 -7.034109695794708 -0.32335660755835705 -0.94627718156381158 4.0000000000000003e-17 
1 0 6.5646381330088195 0 -0.88294759285892721 0.46947156278589036 0 
1 -15.063132150960042 4.0905174371222426 -2.6193717315000962 -0.32335660755835705 -0.94627718156381158 4.0000000000000003e-17 
1 -0.8829475928589271 7.0341096957947098 0 -0.46947156278589935 -0.88294759285892244 0 
1 -14.227618991320902 3.805010498843548 -2.1499001687141819 -0.32335660755835705 -0.94627718156381158 4.0000000000000003e-17 
1 -3.2303054067884234 2.6193717315000979 0 0.88294759285892732 -0.46947156278589036 0 
1 0 6.5646381330088195 0 -0.46947156278589042 -0.88294759285892721 0 
Polygon3D 0
PolygonOnTriangulations 0
Surfaces 5
1 -12.00636785503395 3.0459768394057192 -6.5646381330088177 0.44425022725739016 -0.15180673188756572 -0.88294759285892732 -0.83551315963909745 0.28550693827868012 -0.46947156278589014 0.32335660755835705 0.94627718156381158 -2.7755575615628914e-17 
1 -12.841881014673049 3.3314837776843991 -7.034109695794708 -0.83551315963909289 0.28550693827867862 -0.46947156278589935 -0.44425022725739871 0.15180673188756874 0.88294759285892233 0.32335660755835716 0.94627718156381146 -1.1102230246251565e-16 
1 -15.063132150960042 4.0905174371222426 -2.6193717315000962 -0.44425022725739011 0.15180673188756569 0.88294759285892732 0.83551315963909734 -0.28550693827868029 0.46947156278589014 0.32335660755835721 0.94627718156381146 5.5511151231257827e-17 
1 -12.00636785503395 3.0459768394057192 -6.5646381330088177 -0.83551315963909745 0.28550693827868012 -0.46947156278589042 -0.44425022725739033 0.15180673188756577 0.88294759285892721 0.32335660755835705 0.94627718156381169 -5.5511151231257827e-17 
1 13.53475000299699 3.5682471382639789 4.5920049322544436 -0.32335660755835738 0.94627718156381146 -8.9999999999999996e-17 0.94627718156381146 0.32335660755835738 0 2.9102094680252155e-17 -8.5164946340743e-17 -1 
Triangulations 0

TShapes 24
Ve
1e-07
0 6.56463813300882 0
0 0

0101101
*
Ed
 1e-07 1 1 0
1  1 0 0 4.5
0

0101000
+24 4 -24 6 *
Ve
1e-07
-0.882947592858927 7.03410969579471 0
0 0

0101101
*
Ed
 1e-07 1 1 0
1  2 0 0 4.5
0

0101000
+22 4 -22 6 *
Ed
 1e-07 1 1 0
1  3 0 0 1
0

0101000
+24 0 -22 0 *
Wi

0101100
+23 0 -21 0 -20 4 +20 6 *
Fa
0  1e-07 1 0

0111000
+19 0 *
Ve
1e-07
-3.23030540678842 2.6193717315001 0
0 0

0101101
*
Ed
 1e-07 1 1 0
1  4 0 0 4.5
0

0101000
+17 4 -17 6 *
Ed
 1e-07 1 1 0
1  5 0 0 5
0

0101000
+22 0 -17 0 *
Wi

0101100
+21 0 -16 0 -15 4 +15 6 *
Fa
0  1e-07 2 0

0111000
+14 0 *
Ve
1e-07
-2.34735781392945 2.14990016871418 0
0 0

0101101
*
Ed
 1e-07 1 1 0
1  6 0 0 4.5
0

0101000
+12 4 -12 6 *
Ed
 1e-07 1 1 0
1  7 0 0 1.00000000000005
0

0101000
+17 0 -12 0 *
Wi

0101100
+16 0 -11 0 -10 4 +10 6 *
Fa
0  1e-07 3 0

0111000
+9 0 *
Ed
 1e-07 1 1 0
1  8 0 0 5
0

0101000
+24 0 -12 0 *
Wi

0101100
+23 0 -11 0 -7 4 +7 6 *
Fa
0  1e-07 4 0

0111000
+6 0 *
Wi

0101100
+20 0 +15 0 +10 0 -7 0 *
Fa
0  1e-07 5 0

0111000
+4 8 *
Sh

0101100
+18 0 +13 0 +8 0 -5 0 +3 7 -3 9 *
So

0100000
+2 0 *

+1 0 ]]>
      </Part>
      <ElementMap new="1" count="1"><Element key="Dummy" value="Dummy"/></ElementMap>
      <ElementMap2 count="30">
<![CDATA[
7 PostfixCount 11
Edge
Face
Vertex
;:G;XTR;:H123b:7,E
;:G;XTR;:H123b:7,F
;:G0;XTR;:H123b:8,F
;:U;XTR;:H123b:7,E
;:U;XTR;:H123b:7,V
;:H123b,V
;:H123b,E
;FAC;:H123b:4,F

MapCount 1

ElementMap 1 7 3

Edge

ChildCount 0

NameCount 13
0
$#11.4 0
$#12.4 0
$#a.a 0
$#1b.7 0
$#13.4 0
$#b.a 0
$#1c.7 0
$#14.4 0
$#c.a 0
$#1d.7 0
$#d.a 0
$#1e.7 0

Face

ChildCount 0

NameCount 7
0
$#f.5 0
$#15.5 0
$#16.5 0
$#17.5 0
$#f.b 0
$#19.6 0

Vertex

ChildCount 0

NameCount 9
0
$#2.9 $#3.9 0
$#20.8 0
$#4.9 $#5.9 0
$#21.8 0
$#6.9 $#7.9 0
$#22.8 0
$#8.9 $#9.9 0
$#23.8 0

EndMap
]]>
      </ElementMap2>
    </Property>
    <Property name="AddSubType" type="App::PropertyEnumeration">
      <Integer value="0"/>
    </Property>
    <Property name="AllowMultiFace" type="App::PropertyBool">
      <Bool value="true"/>
    </Property>
    <Property name="AlongSketchNormal" type="App::PropertyBool" status="4">
      <Bool value="false"/>
    </Property>
    <Property name="BaseFeature" type="App::PropertyLink" status="8">
      <Link value=""/>
    </Property>
    <Property name="CheckUpToFaceLimits" type="App::PropertyBool">
      <Bool value="true"/>
    </Property>
    <Property name="ClaimChildren" type="App::PropertyBool" status="134217728">
      <Bool value="false"/>
    </Property>
    <Property name="ColoredElements" type="App::PropertyLinkSubHidden" status="218103808">
      <LinkSub value="" count="0">
      </LinkSub>
    </Property>
    <Property name="Direction" type="App::PropertyVector" status="4">
      <PropertyVector valueX="-0.323356607558357" valueY="0.9462771815638116" valueZ="0"/>
    </Property>
    <Property name="ExpressionEngine" type="App::PropertyExpressionEngine" status="67108864">
      <ExpressionEngine count="1" cdata="1">
        <Expressions><![CDATA[
0:Length
0:<<dims>>.outw
0:

]]>
        </Expressions>
      </ExpressionEngine>
    </Property>
    <Property name="Fit" type="App::PropertyDistance">
      <Float value="0"/>
    </Property>
    <Property name="FitJoin" type="App::PropertyEnumeration">
      <Integer value="0"/>
    </Property>
    <Property name="InnerFit" type="App::PropertyDistance">
      <Float value="0"/>
    </Property>
    <Property name="InnerFitJoin" type="App::PropertyEnumeration">
      <Integer value="0"/>
    </Property>
    <Property name="InnerTaperAngle" type="App::PropertyAngle">
      <Float value="0"/>
    </Property>
    <Property name="InnerTaperAngleRev" type="App::PropertyAngle">
      <Float value="0"/>
    </Property>
    <Property name="Label" type="App::PropertyString" status="134217728">
      <String value="Pad"/>
    </Property>
    <Property name="Label2" type="App::PropertyString" status="128">
      <String value=""/>
    </Property>
    <Property name="Length" type="App::PropertyLength">
      <Float value="4.5"/>
    </Property>
    <Property name="Length2" type="App::PropertyLength">
      <Float value="100"/>
    </Property>
    <Property name="Linearize" type="App::PropertyBool">
      <Bool value="true"/>
    </Property>
    <Property name="Midplane" type="App::PropertyBool" status="4">
      <Bool value="false"/>
    </Property>
    <Property name="NewSolid" type="App::PropertyBool">
      <Bool value="false"/>
    </Property>
    <Property name="Offset" type="App::PropertyLength">
      <Float value="0"/>
    </Property>
    <Property name="Placement" type="App::PropertyPlacement" status="8388620">
      <PropertyPlacement Px="0" Py="0" Pz="0" Q0="0" Q1="1" Q2="0" Q3="6.123233995736766e-17" A="3.141592653589793" Ox="0" Oy="1" Oz="0"/>
    </Property>
    <Property name="Profile" type="App::PropertyLinkSub">
      <LinkSub value="Sketch001" count="0">
      </LinkSub>
    </Property>
    <Property name="ReferenceAxis" type="App::PropertyLinkSub">
      <LinkSub value="" count="0">
      </LinkSub>
    </Property>
    <Property name="Refine" type="App::PropertyBool">
      <Bool value="false"/>
    </Property>
    <Property name="Reversed" type="App::PropertyBool">
      <Bool value="true"/>
    </Property>
    <Property name="Shape" type="Part::PropertyPartShape">
      <Part HasherIndex="0" ElementMap="1.15.70200.4" brep="1">
<![CDATA[

CASCADE Topology V1, (c) Matra-Datavision
Locations 10
1
             -1               0               0               0 
              0               1               0               0 
              0               0              -1               0 
1
              1               0               0               0 
              0               1               0               0 
              0               0               1               0 
1
-0.946277181563812               0 -0.323356607558357 12.006367855034 
-0.323356607558357               0 0.946277181563812 3.04597683940572 
              0               1               0               0 
1
             -1               0               0               0 
              0               1               0               0 
             -0               0              -1               0 
2  2 1 3 1 4 -1 0
1
              1               0               0 -1.45510473401261 
              0               1               0 -4.25824731703715 
              0               0               1               0 
2  2 1 3 1 4 -1 6 1 0
2  4 -1 0
2  2 1 3 1 0
2  4 -1 6 1 0
Curve2ds 0
Curves 8
1 -12.00636785503395 3.0459768394057192 -6.5646381330088177 -0.32335660755835705 -0.94627718156381158 4.0000000000000003e-17 
1 -12.841881014673049 3.3314837776843991 -7.034109695794708 -0.32335660755835705 -0.94627718156381158 4.0000000000000003e-17 
1 0 6.5646381330088195 0 -0.88294759285892721 0.46947156278589036 0 
1 -15.063132150960042 4.0905174371222426 -2.6193717315000962 -0.32335660755835705 -0.94627718156381158 4.0000000000000003e-17 
1 -0.8829475928589271 7.0341096957947098 0 -0.46947156278589935 -0.88294759285892244 0 
1 -14.227618991320902 3.805010498843548 -2.1499001687141819 -0.32335660755835705 -0.94627718156381158 4.0000000000000003e-17 
1 -3.2303054067884234 2.6193717315000979 0 0.88294759285892732 -0.46947156278589036 0 
1 0 6.5646381330088195 0 -0.46947156278589042 -0.88294759285892721 0 
Polygon3D 0
PolygonOnTriangulations 0
Surfaces 5
1 -12.00636785503395 3.0459768394057192 -6.5646381330088177 0.44425022725739016 -0.15180673188756572 -0.88294759285892732 -0.83551315963909745 0.28550693827868012 -0.46947156278589014 0.32335660755835705 0.94627718156381158 -2.7755575615628914e-17 
1 -12.841881014673049 3.3314837776843991 -7.034109695794708 -0.83551315963909289 0.28550693827867862 -0.46947156278589935 -0.44425022725739871 0.15180673188756874 0.88294759285892233 0.32335660755835716 0.94627718156381146 -1.1102230246251565e-16 
1 -15.063132150960042 4.0905174371222426 -2.6193717315000962 -0.44425022725739011 0.15180673188756569 0.88294759285892732 0.83551315963909734 -0.28550693827868029 0.46947156278589014 0.32335660755835721 0.94627718156381146 5.5511151231257827e-17 
1 -12.00636785503395 3.0459768394057192 -6.5646381330088177 -0.83551315963909745 0.28550693827868012 -0.46947156278589042 -0.44425022725739033 0.15180673188756577 0.88294759285892721 0.32335660755835705 0.94627718156381169 -5.5511151231257827e-17 
1 13.53475000299699 3.5682471382639789 4.5920049322544436 -0.32335660755835738 0.94627718156381146 -8.9999999999999996e-17 0.94627718156381146 0.32335660755835738 0 2.9102094680252155e-17 -8.5164946340743e-17 -1 
Triangulations 0

TShapes 24
Ve
1e-07
0 6.56463813300882 0
0 0

0101101
*
Ed
 1e-07 1 1 0
1  1 0 0 4.5
0

0101000
+24 5 -24 7 *
Ve
1e-07
-0.882947592858927 7.03410969579471 0
0 0

0101101
*
Ed
 1e-07 1 1 0
1  2 0 0 4.5
0

0101000
+22 5 -22 7 *
Ed
 1e-07 1 1 0
1  3 0 0 1
0

0101000
+24 0 -22 0 *
Wi

0101100
+23 0 -21 0 -20 5 +20 7 *
Fa
0  1e-07 1 0

0101000
+19 0 *
Ve
1e-07
-3.23030540678842 2.6193717315001 0
0 0

0101101
*
Ed
 1e-07 1 1 0
1  4 0 0 4.5
0

0101000
+17 5 -17 7 *
Ed
 1e-07 1 1 0
1  5 0 0 5
0

0101000
+22 0 -17 0 *
Wi

0101100
+21 0 -16 0 -15 5 +15 7 *
Fa
0  1e-07 2 0

0101000
+14 0 *
Ve
1e-07
-2.34735781392945 2.14990016871418 0
0 0

0101101
*
Ed
 1e-07 1 1 0
1  6 0 0 4.5
0

0101000
+12 5 -12 7 *
Ed
 1e-07 1 1 0
1  7 0 0 1.00000000000005
0

0101000
+17 0 -12 0 *
Wi

0101100
+16 0 -11 0 -10 5 +10 7 *
Fa
0  1e-07 3 0

0101000
+9 0 *
Ed
 1e-07 1 1 0
1  8 0 0 5
0

0101000
+24 0 -12 0 *
Wi

0101100
+23 0 -11 0 -7 5 +7 7 *
Fa
0  1e-07 4 0

0101000
+6 0 *
Wi

0101100
+20 0 +15 0 +10 0 -7 0 *
Fa
0  1e-07 5 0

0101000
+4 9 *
Sh

0101100
+18 0 +13 0 +8 0 -5 0 +3 8 -3 10 *
So

0100000
+2 0 *

+1 1 ]]>
      </Part>
      <ElementMap new="1" count="1"><Element key="Dummy" value="Dummy"/></ElementMap>
      <ElementMap2 count="30">
<![CDATA[
7 PostfixCount 11
Edge
Face
Vertex
;:G;XTR;:H123b:7,E
;:G;XTR;:H123b:7,F
;:G0;XTR;:H123b:8,F
;:U;XTR;:H123b:7,E
;:U;XTR;:H123b:7,V
;:H123b,V
;:H123b,E
;FAC;:H123b:4,F

MapCount 1

ElementMap 1 7 3

Edge

ChildCount 0

NameCount 13
0
$#11.4 0
$#12.4 0
$#a.a 0
$#1b.7 0
$#13.4 0
$#b.a 0
$#1c.7 0
$#14.4 0
$#c.a 0
$#1d.7 0
$#d.a 0
$#1e.7 0

Face

ChildCount 0

NameCount 7
0
$#f.5 0
$#15.5 0
$#16.5 0
$#17.5 0
$#f.b 0
$#19.6 0

Vertex

ChildCount 0

NameCount 9
0
$#2.9 $#3.9 0
$#20.8 0
$#4.9 $#5.9 0
$#21.8 0
$#6.9 $#7.9 0
$#22.8 0
$#8.9 $#9.9 0
$#23.8 0

EndMap
]]>
      </ElementMap2>
    </Property>
    <Property name="Suppress" type="App::PropertyBool">
      <Bool value="false"/>
    </Property>
    <Property name="SuppressedShape" type="Part::PropertyPartShape">
      <Part ElementMap="0.15.70200.4" brep="1">
<![CDATA[

CASCADE Topology V1, (c) Matra-Datavision
Locations 0
Curve2ds 0
Curves 0
Polygon3D 0
PolygonOnTriangulations 0
Surfaces 0
Triangulations 0

TShapes 0

*]]>
      </Part>
      <ElementMap/>
    </Property>
    <Property name="TaperAngle" type="App::PropertyAngle">
      <Float value="0"/>
    </Property>
    <Property name="TaperAngleRev" type="App::PropertyAngle">
      <Float value="0"/>
    </Property>
    <Property name="TreeRank" type="App::PropertyInteger" status="2184">
      <Integer value="1801"/>
    </Property>
    <Property name="Type" type="App::PropertyEnumeration">
      <Integer value="0"/>
    </Property>
    <Property name="UpToFace" type="App::PropertyLinkSub">
      <LinkSub value="" count="0">
      </LinkSub>
    </Property>
    <Property name="UseCustomVector" type="App::PropertyBool">
      <Bool value="false"/>
    </Property>
    <Property name="UsePipeForDraft" type="App::PropertyBool">
      <Bool value="false"/>
    </Property>
    <Property name="Visibility" type="App::PropertyBool" status="648">
      <Bool value="false"/>
    </Property>
    <Property name="_ProfileBasedVersion" type="App::PropertyInteger" status="67108864">
      <Integer value="1"/>
    </Property>
    <Property name="_Siblings" type="App::PropertyLinkList" status="218103808">
      <LinkList count="0">
      </LinkList>
    </Property>
  </Properties>
</Object>
</Document>
