<?xml version='1.0' encoding='utf-8'?>
<!-- FreeCAD DocumentObject -->
<Document SchemaVersion="4" FileVersion="2">
<Object name="Pad">
  <Properties Count="42" TransientCount="2">
    <_Property name="_Body" type="App::PropertyLinkHidden" status="251658241"/>
    <_Property name="_ElementMapVersion" type="App::PropertyString" status="234881024"/>
    <Property name="AddSubShape" type="Part::PropertyPartShape">
      <Part HasherIndex="0" ElementMap="1.15.70200.4" brep="1">
<![CDATA[

CASCADE Topology V1, (c) Matra-Datavision
Locations 9
1
              1               0               0               0 
              0               1               0               0 
              0               0               1               0 
1
-0.946277181563812               0 -0.323356607558357 12.006367855034 
-0.323356607558357               0 0.946277181563812 3.04597683940572 
              0               1               0               0 
1
             -1               0 1.22464679914735e-16               0 
              0               1               0               0 
-1.22464679914735e-16               0              -1               0 
2  1 1 2 1 3 -1 0
1
              1               0               0 -1.45510473401261 
              0               1               0 -4.25824731703715 
              0               0               1 1.7819893549327e-16 
2  1 1 2 1 3 -1 5 1 0
2  3 -1 0
2  1 1 2 1 0
2  3 -1 5 1 0
Curve2ds 0
Curves 8
1 -12.006367855034002 3.0459768394057205 -7.3310212486175415 -0.32335660755835705 -0.94627718156381158 3.9599763442948882e-17 
1 -12.820016848904634 3.3240124758209229 -7.8415812349627121 -0.32335660755835705 -0.94627718156381158 3.9599763442948882e-17 
1 0 7.3310212486175432 0 -0.85984213687356159 0.51055998634509892 0 
1 -15.235673173396549 4.1494772015197121 -3.5423705505945779 -0.32335660755835705 -0.94627718156381158 3.9599763442948882e-17 
1 -0.85984213687368249 7.8415812349627139 0 -0.51055998634544908 -0.85984213687335365 0 
1 -14.422024179524014 3.8714415651038601 -3.0318105642497484 -0.32335660755835705 -0.94627718156381158 3.9599763442948882e-17 
1 -3.4126420686017385 3.5423705505945802 0 0.85984213687423516 -0.51055998634396449 0 
1 0 7.3310212486175432 0 -0.51055998634518174 -0.85984213687351241 0 
Polygon3D 0
PolygonOnTriangulations 0
Surfaces 5
1 -12.006367855034002 3.0459768394057205 -7.3310212486175415 0.4831312648978982 -0.16509294513959227 -0.85984213687356159 -0.81364899387051892 0.27803563641516349 -0.51055998634509892 0.32335660755835716 0.94627718156381146 5.5511151231257815e-17 
1 -12.820016848904634 3.3240124758209229 -7.8415812349627121 -0.81364899387032219 0.27803563641509615 -0.51055998634544886 -0.48313126489822944 0.1650929451397054 0.85984213687335376 0.32335660755835705 0.94627718156381158 2.7755575615628914e-17 
1 -15.235673173396549 4.1494772015197121 -3.5423705505945784 -0.48313126489682456 0.1650929451392254 0.85984213687423527 0.81364899387115641 -0.2780356364153812 0.51055998634396427 0.32335660755835705 0.94627718156381158 -2.7755575615628914e-17 
1 -12.006367855034002 3.0459768394057205 -7.3310212486175415 -0.8136489938704724 0.2780356364151475 -0.51055998634518163 -0.48313126489797659 0.16509294513961911 0.85984213687351252 0.3233566075583571 0.94627718156381158 -5.5511151231257815e-17 
1 13.621020514214997 3.5977270204626222 5.4366958996058958 -0.32335660755835649 0.9462771815638118 4.2964837564784599e-16 0.9462771815638118 0.32335660755835649 0 -1.3892964119244583e-16 4.0656645397151349e-16 -1 
Triangulations 0

TShapes 24
Ve
1e-07
0 7.33102124861754 0
0 0

0101101
*
Ed
 1e-07 1 1 0
1  1 0 0 4.5
0

0101000
+24 4 -24 6 *
Ve
1e-07
-0.859842136873682 7.84158123496271 0
0 0

0101101
*
Ed
 1e-07 1 1 0
1  2 0 0 4.5
0

0101000
+22 4 -22 6 *
Ed
 1e-07 1 1 0
1  3 0 0 1.00000000000014
0

0101000
+24 0 -22 0 *
Wi

0101100
+23 0 -21 0 -20 4 +20 6 *
Fa
0  1e-07 1 0

0111000
+19 0 *
Ve
1.00000000314018e-07
-3.41264206860174 3.54237055059458 0
0 0

0101101
*
Ed
 1.00000000314018e-07 1 1 0
1  4 0 0 4.5
0

0101000
+17 4 -17 6 *
Ed
 1e-07 1 1 0
1  5 0 0 5.00000000000159
0

0101000
+22 0 -17 0 *
Wi

0101100
+21 0 -16 0 -15 4 +15 6 *
Fa
0  1e-07 2 0

0111000
+14 0 *
Ve
1e-07
-2.55279993172605 3.03181056424975 0
0 0

0101101
*
Ed
 1e-07 1 1 0
1  6 0 0 4.5
0

0101000
+12 4 -12 6 *
Ed
 1e-07 1 1 0
1  7 0 0 1.0000000000017
0

0101000
+17 0 -12 0 *
Wi

0101100
+16 0 -11 0 -10 4 +10 6 *
Fa
0  1e-07 3 0

0111000
+9 0 *
Ed
 1e-07 1 1 0
1  8 0 0 5.00000000000027
0

0101000
+24 0 -12 0 *
Wi

0101100
+23 0 -11 0 -7 4 +7 6 *
Fa
0  1e-07 4 0

0111000
+6 0 *
Wi

0101100
+20 0 +15 0 +10 0 -7 0 *
Fa
0  1e-07 5 0

0111000
+4 8 *
Sh

0101100
+18 0 +13 0 +8 0 -5 0 +3 7 -3 9 *
So

0100000
+2 0 *

+1 0 ]]>
      </Part>
      <ElementMap new="1" count="1"><Element key="Dummy" value="Dummy"/></ElementMap>
      <ElementMap2 count="30">
<![CDATA[
7 PostfixCount 11
Edge
Face
Vertex
;:G;XTR;:H123b:7,E
;:G;XTR;:H123b:7,F
;:G0;XTR;:H123b:8,F
;:U;XTR;:H123b:7,E
;:U;XTR;:H123b:7,V
;:H123b,V
;:H123b,E
;FAC;:H123b:4,F

MapCount 1

ElementMap 1 7 3

Edge

ChildCount 0

NameCount 13
0
$#11.4 0
$#12.4 0
$#a.a 0
$#1b.7 0
$#13.4 0
$#b.a 0
$#1c.7 0
$#14.4 0
$#c.a 0
$#1d.7 0
$#d.a 0
$#1e.7 0

Face

ChildCount 0

NameCount 7
0
$#f.5 0
$#15.5 0
$#16.5 0
$#17.5 0
$#f.b 0
$#19.6 0

Vertex

ChildCount 0

NameCount 9
0
$#2.9 $#3.9 0
$#20.8 0
$#4.9 $#5.9 0
$#21.8 0
$#6.9 $#7.9 0
$#22.8 0
$#8.9 $#9.9 0
$#23.8 0

EndMap
]]>
      </ElementMap2>
    </Property>
    <Property name="AddSubType" type="App::PropertyEnumeration">
      <Integer value="0"/>
    </Property>
    <Property name="AllowMultiFace" type="App::PropertyBool">
      <Bool value="true"/>
    </Property>
    <Property name="AlongSketchNormal" type="App::PropertyBool" status="4">
      <Bool value="false"/>
    </Property>
    <Property name="BaseFeature" type="App::PropertyLink" status="8">
      <Link value=""/>
    </Property>
    <Property name="CheckUpToFaceLimits" type="App::PropertyBool">
      <Bool value="true"/>
    </Property>
    <Property name="ClaimChildren" type="App::PropertyBool" status="134217728">
      <Bool value="false"/>
    </Property>
    <Property name="ColoredElements" type="App::PropertyLinkSubHidden" status="218103808">
      <LinkSub value="" count="0">
      </LinkSub>
    </Property>
    <Property name="Direction" type="App::PropertyVector" status="4">
      <PropertyVector valueX="-0.323356607558357" valueY="0.9462771815638116" valueZ="0"/>
    </Property>
    <Property name="ExpressionEngine" type="App::PropertyExpressionEngine" status="67108864">
      <ExpressionEngine count="1" cdata="1">
        <Expressions><![CDATA[
0:Length
0:<<dims>>.outw
0:

]]>
        </Expressions>
      </ExpressionEngine>
    </Property>
    <Property name="Fit" type="App::PropertyDistance">
      <Float value="0"/>
    </Property>
    <Property name="FitJoin" type="App::PropertyEnumeration">
      <Integer value="0"/>
    </Property>
    <Property name="InnerFit" type="App::PropertyDistance">
      <Float value="0"/>
    </Property>
    <Property name="InnerFitJoin" type="App::PropertyEnumeration">
      <Integer value="0"/>
    </Property>
    <Property name="InnerTaperAngle" type="App::PropertyAngle">
      <Float value="0"/>
    </Property>
    <Property name="InnerTaperAngleRev" type="App::PropertyAngle">
      <Float value="0"/>
    </Property>
    <Property name="Label" type="App::PropertyString" status="134217728">
      <String value="Pad"/>
    </Property>
    <Property name="Label2" type="App::PropertyString" status="128">
      <String value=""/>
    </Property>
    <Property name="Length" type="App::PropertyLength">
      <Float value="4.5"/>
    </Property>
    <Property name="Length2" type="App::PropertyLength">
      <Float value="100"/>
    </Property>
    <Property name="Linearize" type="App::PropertyBool">
      <Bool value="true"/>
    </Property>
    <Property name="Midplane" type="App::PropertyBool" status="4">
      <Bool value="false"/>
    </Property>
    <Property name="NewSolid" type="App::PropertyBool">
      <Bool value="false"/>
    </Property>
    <Property name="Offset" type="App::PropertyLength">
      <Float value="0"/>
    </Property>
    <Property name="Placement" type="App::PropertyPlacement" status="8388620">
      <PropertyPlacement Px="0" Py="0" Pz="0" Q0="0" Q1="1" Q2="0" Q3="6.123233995736766e-17" A="3.141592653589793" Ox="0" Oy="1" Oz="0"/>
    </Property>
    <Property name="Profile" type="App::PropertyLinkSub">
      <LinkSub value="Sketch001" count="0">
      </LinkSub>
    </Property>
    <Property name="ReferenceAxis" type="App::PropertyLinkSub">
      <LinkSub value="" count="0">
      </LinkSub>
    </Property>
    <Property name="Refine" type="App::PropertyBool">
      <Bool value="false"/>
    </Property>
    <Property name="Reversed" type="App::PropertyBool">
      <Bool value="true"/>
    </Property>
    <Property name="Shape" type="Part::PropertyPartShape">
      <Part HasherIndex="0" ElementMap="1.15.70200.4" brep="1">
<![CDATA[

CASCADE Topology V1, (c) Matra-Datavision
Locations 10
1
             -1               0               0               0 
              0               1               0               0 
              0               0              -1               0 
1
              1               0               0               0 
              0               1               0               0 
              0               0               1               0 
1
-0.946277181563812               0 -0.323356607558357 12.006367855034 
-0.323356607558357               0 0.946277181563812 3.04597683940572 
              0               1               0               0 
1
             -1               0 1.22464679914735e-16               0 
              0               1               0               0 
-1.22464679914735e-16               0              -1               0 
2  2 1 3 1 4 -1 0
1
              1               0               0 -1.45510473401261 
              0               1               0 -4.25824731703715 
              0               0               1 1.7819893549327e-16 
2  2 1 3 1 4 -1 6 1 0
2  4 -1 0
2  2 1 3 1 0
2  4 -1 6 1 0
Curve2ds 0
Curves 8
1 -12.006367855034002 3.0459768394057205 -7.3310212486175415 -0.32335660755835705 -0.94627718156381158 3.9599763442948882e-17 
1 -12.820016848904634 3.3240124758209229 -7.8415812349627121 -0.32335660755835705 -0.94627718156381158 3.9599763442948882e-17 
1 0 7.3310212486175432 0 -0.85984213687356159 0.51055998634509892 0 
1 -15.235673173396549 4.1494772015197121 -3.5423705505945779 -0.32335660755835705 -0.94627718156381158 3.9599763442948882e-17 
1 -0.85984213687368249 7.8415812349627139 0 -0.51055998634544908 -0.85984213687335365 0 
1 -14.422024179524014 3.8714415651038601 -3.0318105642497484 -0.32335660755835705 -0.94627718156381158 3.9599763442948882e-17 
1 -3.4126420686017385 3.5423705505945802 0 0.85984213687423516 -0.51055998634396449 0 
1 0 7.3310212486175432 0 -0.51055998634518174 -0.85984213687351241 0 
Polygon3D 0
PolygonOnTriangulations 0
Surfaces 5
1 -12.006367855034002 3.0459768394057205 -7.3310212486175415 0.4831312648978982 -0.16509294513959227 -0.85984213687356159 -0.81364899387051892 0.27803563641516349 -0.51055998634509892 0.32335660755835716 0.94627718156381146 5.5511151231257815e-17 
1 -12.820016848904634 3.3240124758209229 -7.8415812349627121 -0.81364899387032219 0.27803563641509615 -0.51055998634544886 -0.48313126489822944 0.1650929451397054 0.85984213687335376 0.32335660755835705 0.94627718156381158 2.7755575615628914e-17 
1 -15.235673173396549 4.1494772015197121 -3.5423705505945784 -0.48313126489682456 0.1650929451392254 0.85984213687423527 0.81364899387115641 -0.2780356364153812 0.51055998634396427 0.32335660755835705 0.94627718156381158 -2.7755575615628914e-17 
1 -12.006367855034002 3.0459768394057205 -7.3310212486175415 -0.8136489938704724 0.2780356364151475 -0.51055998634518163 -0.48313126489797659 0.16509294513961911 0.85984213687351252 0.3233566075583571 0.94627718156381158 -5.5511151231257815e-17 
1 13.621020514214997 3.5977270204626222 5.4366958996058958 -0.32335660755835649 0.9462771815638118 4.2964837564784599e-16 0.9462771815638118 0.32335660755835649 0 -1.3892964119244583e-16 4.0656645397151349e-16 -1 
Triangulations 0

TShapes 24
Ve
1e-07
0 7.33102124861754 0
0 0

0101101
*
Ed
 1e-07 1 1 0
1  1 0 0 4.5
0

0101000
+24 5 -24 7 *
Ve
1e-07
-0.859842136873682 7.84158123496271 0
0 0

0101101
*
Ed
 1e-07 1 1 0
1  2 0 0 4.5
0

0101000
+22 5 -22 7 *
Ed
 1e-07 1 1 0
1  3 0 0 1.00000000000014
0

0101000
+24 0 -22 0 *
Wi

0101100
+23 0 -21 0 -20 5 +20 7 *
Fa
0  1e-07 1 0

0101000
+19 0 *
Ve
1.00000000314018e-07
-3.41264206860174 3.54237055059458 0
0 0

0101101
*
Ed
 1.00000000314018e-07 1 1 0
1  4 0 0 4.5
0

0101000
+17 5 -17 7 *
Ed
 1e-07 1 1 0
1  5 0 0 5.00000000000159
0

0101000
+22 0 -17 0 *
Wi

0101100
+21 0 -16 0 -15 5 +15 7 *
Fa
0  1e-07 2 0

0101000
+14 0 *
Ve
1e-07
-2.55279993172605 3.03181056424975 0
0 0

0101101
*
Ed
 1e-07 1 1 0
1  6 0 0 4.5
0

0101000
+12 5 -12 7 *
Ed
 1e-07 1 1 0
1  7 0 0 1.0000000000017
0

0101000
+17 0 -12 0 *
Wi

0101100
+16 0 -11 0 -10 5 +10 7 *
Fa
0  1e-07 3 0

0101000
+9 0 *
Ed
 1e-07 1 1 0
1  8 0 0 5.00000000000027
0

0101000
+24 0 -12 0 *
Wi

0101100
+23 0 -11 0 -7 5 +7 7 *
Fa
0  1e-07 4 0

0101000
+6 0 *
Wi

0101100
+20 0 +15 0 +10 0 -7 0 *
Fa
0  1e-07 5 0

0101000
+4 9 *
Sh

0101100
+18 0 +13 0 +8 0 -5 0 +3 8 -3 10 *
So

0100000
+2 0 *

+1 1 ]]>
      </Part>
      <ElementMap new="1" count="1"><Element key="Dummy" value="Dummy"/></ElementMap>
      <ElementMap2 count="30">
<![CDATA[
7 PostfixCount 11
Edge
Face
Vertex
;:G;XTR;:H123b:7,E
;:G;XTR;:H123b:7,F
;:G0;XTR;:H123b:8,F
;:U;XTR;:H123b:7,E
;:U;XTR;:H123b:7,V
;:H123b,V
;:H123b,E
;FAC;:H123b:4,F

MapCount 1

ElementMap 1 7 3

Edge

ChildCount 0

NameCount 13
0
$#11.4 0
$#12.4 0
$#a.a 0
$#1b.7 0
$#13.4 0
$#b.a 0
$#1c.7 0
$#14.4 0
$#c.a 0
$#1d.7 0
$#d.a 0
$#1e.7 0

Face

ChildCount 0

NameCount 7
0
$#f.5 0
$#15.5 0
$#16.5 0
$#17.5 0
$#f.b 0
$#19.6 0

Vertex

ChildCount 0

NameCount 9
0
$#2.9 $#3.9 0
$#20.8 0
$#4.9 $#5.9 0
$#21.8 0
$#6.9 $#7.9 0
$#22.8 0
$#8.9 $#9.9 0
$#23.8 0

EndMap
]]>
      </ElementMap2>
    </Property>
    <Property name="Suppress" type="App::PropertyBool">
      <Bool value="false"/>
    </Property>
    <Property name="SuppressedShape" type="Part::PropertyPartShape">
      <Part ElementMap="0.15.70200.4" brep="1">
<![CDATA[

CASCADE Topology V1, (c) Matra-Datavision
Locations 0
Curve2ds 0
Curves 0
Polygon3D 0
PolygonOnTriangulations 0
Surfaces 0
Triangulations 0

TShapes 0

*]]>
      </Part>
      <ElementMap/>
    </Property>
    <Property name="TaperAngle" type="App::PropertyAngle">
      <Float value="0"/>
    </Property>
    <Property name="TaperAngleRev" type="App::PropertyAngle">
      <Float value="0"/>
    </Property>
    <Property name="TreeRank" type="App::PropertyInteger" status="2184">
      <Integer value="1801"/>
    </Property>
    <Property name="Type" type="App::PropertyEnumeration">
      <Integer value="0"/>
    </Property>
    <Property name="UpToFace" type="App::PropertyLinkSub">
      <LinkSub value="" count="0">
      </LinkSub>
    </Property>
    <Property name="UseCustomVector" type="App::PropertyBool">
      <Bool value="false"/>
    </Property>
    <Property name="UsePipeForDraft" type="App::PropertyBool">
      <Bool value="false"/>
    </Property>
    <Property name="Visibility" type="App::PropertyBool" status="648">
      <Bool value="false"/>
    </Property>
    <Property name="_ProfileBasedVersion" type="App::PropertyInteger" status="67108864">
      <Integer value="1"/>
    </Property>
    <Property name="_Siblings" type="App::PropertyLinkList" status="218103808">
      <LinkList count="0">
      </LinkList>
    </Property>
  </Properties>
</Object>
</Document>
