<?xml version='1.0' encoding='utf-8'?>
<!-- FreeCAD DocumentObject -->
<Document SchemaVersion="4" FileVersion="2">
<Object name="Pad002">
  <Properties Count="42" TransientCount="2">
    <_Property name="_Body" type="App::PropertyLinkHidden" status="251658241"/>
    <_Property name="_ElementMapVersion" type="App::PropertyString" status="234881024"/>
    <Property name="AddSubShape" type="Part::PropertyPartShape">
      <Part HasherIndex="0" ElementMap="1.15.70200.4" brep="1">
<![CDATA[

CASCADE Topology V1, (c) Matra-Datavision
Locations 9
1
              1               0               0               0 
              0               1               0               0 
              0               0               1               0 
1
-0.966598714787454               0 0.256294605037332 9.69593253155006 
0.256294605037332               0 0.966598714787454 -8.74498715924069 
              0               1               0               0 
1
             -1               0 1.22464679914735e-16               0 
              0               1               0               0 
-1.22464679914735e-16               0              -1               0 
2  1 1 2 1 3 -1 0
1
              1               0               0  1.153325722668 
              0               1               0 -4.34969421654354 
              0               0               1 -8.90642207085947e-16 
2  1 1 2 1 3 -1 5 1 0
2  3 -1 0
2  1 1 2 1 0
2  3 -1 5 1 0
Curve2ds 0
Curves 8
1 -9.6959325315500635 -8.74498715924069 -7.2577190096025372 0.25629460503733237 -0.96659871478745407 -1.9792049046354387e-16 
1 -12.257252449272315 -9.4241236681602416 -3.017623034116621 0.25629460503733237 -0.96659871478745407 -1.9792049046354387e-16 
1 0 7.2577190096025364 0 -0.52996551278996096 -0.84801919509718282 0 
1 -13.076946713368343 -9.6414664128317504 -3.5475885469065824 0.25629460503733237 -0.96659871478745407 -1.9792049046354387e-16 
1 -2.6498275639498048 3.0176230341166224 0 -0.84801919509718282 0.52996551278996107 0 
1 -10.51562679564609 -8.9623299039121989 -7.7876845223924986 0.25629460503733237 -0.96659871478745407 -1.9792049046354387e-16 
1 -3.4978467590469875 3.5475885469065833 0 0.52996551278996096 0.84801919509718282 0 
1 0 7.2577190096025364 0 -0.8480191950971826 0.52996551278996129 0 
Polygon3D 0
PolygonOnTriangulations 0
Surfaces 5
1 -9.6959325315500635 -8.74498715924069 -7.2577190096025372 -0.81969426409602819 -0.21734274467150885 -0.52996551278996085 -0.51226398354445024 -0.13582730178391036 0.84801919509718293 -0.25629460503733226 0.96659871478745396 8.3266726846886728e-17 
1 -12.257252449272315 -9.4241236681602416 -3.0176230341166215 0.51226398354445013 0.13582730178391048 -0.84801919509718282 -0.81969426409602808 -0.21734274467150891 -0.52996551278996096 -0.25629460503733237 0.96659871478745396 1.5265566588595902e-16 
1 -13.076946713368343 -9.6414664128317504 -3.5475885469065824 0.81969426409602819 0.21734274467150885 0.52996551278996085 0.51226398354445024 0.13582730178391036 -0.84801919509718293 -0.25629460503733226 0.96659871478745396 8.3266726846886728e-17 
1 -9.6959325315500635 -8.74498715924069 -7.2577190096025372 0.51226398354445046 0.13582730178391056 -0.84801919509718271 -0.81969426409602797 -0.21734274467150877 -0.52996551278996118 -0.25629460503733231 0.96659871478745396 2.081668171172168e-16 
1 11.386439622459202 -9.1932267860362202 5.4026537782545612 0.2562946050373322 0.96659871478745407 0 0.96659871478745407 -0.2562946050373322 0 0 0 -1 
Triangulations 0

TShapes 24
Ve
1e-07
0 7.25771900960254 0
0 0

0101101
*
Ed
 1e-07 1 1 0
1  1 0 0 4.5
0

0101000
+24 4 -24 6 *
Ve
1.00000000222045e-07
-2.6498275639498 3.01762303411662 0
0 0

0101101
*
Ed
 1.00000000222045e-07 1 1 0
1  2 0 0 4.5
0

0101000
+22 4 -22 6 *
Ed
 1e-07 1 1 0
1  3 0 0 5
0

0101000
+24 0 -22 0 *
Wi

0101100
+23 0 -21 0 -20 4 +20 6 *
Fa
0  1e-07 1 0

0111000
+19 0 *
Ve
1e-07
-3.49784675904699 3.54758854690658 0
0 0

0101101
*
Ed
 1e-07 1 1 0
1  4 0 0 4.5
0

0101000
+17 4 -17 6 *
Ed
 1e-07 1 1 0
1  5 0 0 1
0

0101000
+22 0 -17 0 *
Wi

0101100
+21 0 -16 0 -15 4 +15 6 *
Fa
0  1e-07 2 0

0111000
+14 0 *
Ve
1.00000000055511e-07
-0.848019195097183 7.7876845223925 0
0 0

0101101
*
Ed
 1.00000000055511e-07 1 1 0
1  6 0 0 4.5
0

0101000
+12 4 -12 6 *
Ed
 1e-07 1 1 0
1  7 0 0 5
0

0101000
+17 0 -12 0 *
Wi

0101100
+16 0 -11 0 -10 4 +10 6 *
Fa
0  1e-07 3 0

0111000
+9 0 *
Ed
 1e-07 1 1 0
1  8 0 0 1
0

0101000
+24 0 -12 0 *
Wi

0101100
+23 0 -11 0 -7 4 +7 6 *
Fa
0  1e-07 4 0

0111000
+6 0 *
Wi

0101100
+20 0 +15 0 +10 0 -7 0 *
Fa
0  1e-07 5 0

0111000
-4 8 *
Sh

0101100
-18 0 -13 0 -8 0 +5 0 +3 7 -3 9 *
So

0100000
+2 0 *

+1 0 ]]>
      </Part>
      <ElementMap new="1" count="1"><Element key="Dummy" value="Dummy"/></ElementMap>
      <ElementMap2 count="30">
<![CDATA[
12 PostfixCount 11
Edge
Face
Vertex
;:H123e,V
;:G;XTR;:H123e:7,F
;FAC;:H123e:4,F
;:G;XTR;:H123e:7,E
;:G0;XTR;:H123e:8,F
;:U;XTR;:H123e:7,E
;:U;XTR;:H123e:7,V
;:H123e,E

MapCount 1

ElementMap 1 12 3

Edge

ChildCount 0

NameCount 13
0
$#3d.7 0
$#3e.7 0
$#a.b 0
$#47.9 0
$#3f.7 0
$#b.b 0
$#48.9 0
$#40.7 0
$#c.b 0
$#49.9 0
$#d.b 0
$#4a.9 0

Face

ChildCount 0

NameCount 7
0
$#3b.5 0
$#41.5 0
$#42.5 0
$#43.5 0
$#3b.6 0
$#45.8 0

Vertex

ChildCount 0

NameCount 9
0
$#2.4 $#3.4 0
$#4c.a 0
$#4.4 $#5.4 0
$#4d.a 0
$#6.4 $#7.4 0
$#4e.a 0
$#8.4 $#9.4 0
$#4f.a 0

EndMap
]]>
      </ElementMap2>
    </Property>
    <Property name="AddSubType" type="App::PropertyEnumeration">
      <Integer value="0"/>
    </Property>
    <Property name="AllowMultiFace" type="App::PropertyBool">
      <Bool value="true"/>
    </Property>
    <Property name="AlongSketchNormal" type="App::PropertyBool" status="4">
      <Bool value="false"/>
    </Property>
    <Property name="BaseFeature" type="App::PropertyLink" status="8">
      <Link value="Pad001"/>
    </Property>
    <Property name="CheckUpToFaceLimits" type="App::PropertyBool">
      <Bool value="true"/>
    </Property>
    <Property name="ClaimChildren" type="App::PropertyBool" status="134217728">
      <Bool value="false"/>
    </Property>
    <Property name="ColoredElements" type="App::PropertyLinkSubHidden" status="218103808">
      <LinkSub value="" count="0">
      </LinkSub>
    </Property>
    <Property name="Direction" type="App::PropertyVector" status="4">
      <PropertyVector valueX="0.2562946050373324" valueY="0.9665987147874542" valueZ="-2e-16"/>
    </Property>
    <Property name="ExpressionEngine" type="App::PropertyExpressionEngine" status="67108864">
      <ExpressionEngine count="1" cdata="1">
        <Expressions><![CDATA[
0:Length
0:<<dims>>.outw
0:

]]>
        </Expressions>
      </ExpressionEngine>
    </Property>
    <Property name="Fit" type="App::PropertyDistance">
      <Float value="0"/>
    </Property>
    <Property name="FitJoin" type="App::PropertyEnumeration">
      <Integer value="0"/>
    </Property>
    <Property name="InnerFit" type="App::PropertyDistance">
      <Float value="0"/>
    </Property>
    <Property name="InnerFitJoin" type="App::PropertyEnumeration">
      <Integer value="0"/>
    </Property>
    <Property name="InnerTaperAngle" type="App::PropertyAngle">
      <Float value="0"/>
    </Property>
    <Property name="InnerTaperAngleRev" type="App::PropertyAngle">
      <Float value="0"/>
    </Property>
    <Property name="Label" type="App::PropertyString" status="134217728">
      <String value="Pad002"/>
    </Property>
    <Property name="Label2" type="App::PropertyString" status="128">
      <String value=""/>
    </Property>
    <Property name="Length" type="App::PropertyLength">
      <Float value="4.5"/>
    </Property>
    <Property name="Length2" type="App::PropertyLength">
      <Float value="100"/>
    </Property>
    <Property name="Linearize" type="App::PropertyBool">
      <Bool value="true"/>
    </Property>
    <Property name="Midplane" type="App::PropertyBool" status="4">
      <Bool value="false"/>
    </Property>
    <Property name="NewSolid" type="App::PropertyBool">
      <Bool value="false"/>
    </Property>
    <Property name="Offset" type="App::PropertyLength">
      <Float value="0"/>
    </Property>
    <Property name="Placement" type="App::PropertyPlacement" status="8388620">
      <PropertyPlacement Px="0" Py="0" Pz="0" Q0="0" Q1="1" Q2="0" Q3="6.123233995736766e-17" A="3.141592653589793" Ox="0" Oy="1" Oz="0"/>
    </Property>
    <Property name="Profile" type="App::PropertyLinkSub">
      <LinkSub value="Sketch004" count="0">
      </LinkSub>
    </Property>
    <Property name="ReferenceAxis" type="App::PropertyLinkSub">
      <LinkSub value="" count="0">
      </LinkSub>
    </Property>
    <Property name="Refine" type="App::PropertyBool">
      <Bool value="false"/>
    </Property>
    <Property name="Reversed" type="App::PropertyBool">
      <Bool value="true"/>
    </Property>
    <Property name="Shape" type="Part::PropertyPartShape">
      <Part HasherIndex="0" ElementMap="1.15.70200.4" brep="1">
<![CDATA[

CASCADE Topology V1, (c) Matra-Datavision
Locations 32
1
             -1               0               0               0 
              0               1               0               0 
              0               0              -1               0 
1
             -1               0               0               0 
              0               1               0               0 
              0               0              -1               0 
1
             -1               0 1.22464679914735e-16               0 
              0               1               0               0 
-1.22464679914735e-16               0              -1               0 
1
             -1               0               0               0 
              0               1               0               0 
              0               0              -1               0 
1
             -1               0 1.22464679914735e-16               0 
              0               1               0               0 
-1.22464679914735e-16               0              -1               0 
2  2 1 3 -1 4 1 5 -1 0
1
              1               0               0               0 
              0               1               0               0 
              0               0               1               0 
1
-0.946277181563812               0 -0.323356607558357 12.006367855034 
-0.323356607558357               0 0.946277181563812 3.04597683940572 
              0               1               0               0 
1
             -1               0 1.22464679914735e-16               0 
              0               1               0               0 
-1.22464679914735e-16               0              -1               0 
2  7 1 8 1 9 -1 0
1
              1               0               0 -1.45510473401261 
              0               1               0 -4.25824731703715 
              0               0               1 1.7819893549327e-16 
2  7 1 8 1 9 -1 11 1 0
2  9 -1 0
2  7 1 8 1 0
2  9 -1 11 1 0
2  4 1 5 -1 0
1
              1               0               0               0 
              0               1               0               0 
              0               0               1               0 
1
             -1               0               0 11.6069817391863 
              0 2.22044604925031e-16               1 -3.04597683940572 
              0               1 -2.22044604925031e-16               0 
2  17 1 18 1 3 -1 0
1
              1               0               0 -1.2236679661022e-31 
              0               1               0            -4.5 
              0               0               1 -9.99200722162641e-16 
2  17 1 18 1 3 -1 20 1 0
2  3 -1 0
2  17 1 18 1 0
2  3 -1 20 1 0
1
              1               0               0               0 
              0               1               0               0 
              0               0               1               0 
1
-0.966598714787454               0 0.256294605037332 9.69593253155006 
0.256294605037332               0 0.966598714787454 -8.74498715924069 
              0               1               0               0 
2  25 1 26 1 5 -1 0
1
              1               0               0  1.153325722668 
              0               1               0 -4.34969421654354 
              0               0               1 -8.90642207085947e-16 
2  25 1 26 1 5 -1 28 1 0
2  5 -1 0
2  25 1 26 1 0
2  5 -1 28 1 0
Curve2ds 0
Curves 24
1 -12.006367855034002 3.0459768394057205 -7.3310212486175415 -0.32335660755835705 -0.94627718156381158 3.9599763442948882e-17 
1 -12.820016848904634 3.3240124758209229 -7.8415812349627121 -0.32335660755835705 -0.94627718156381158 3.9599763442948882e-17 
1 0 7.3310212486175432 0 -0.85984213687356159 0.51055998634509892 0 
1 -15.235673173396549 4.1494772015197121 -3.5423705505945779 -0.32335660755835705 -0.94627718156381158 3.9599763442948882e-17 
1 -0.85984213687368249 7.8415812349627139 0 -0.51055998634544908 -0.85984213687335365 0 
1 -14.422024179524014 3.8714415651038601 -3.0318105642497484 -0.32335660755835705 -0.94627718156381158 3.9599763442948882e-17 
1 -3.4126420686017385 3.5423705505945802 0 0.85984213687423516 -0.51055998634396449 0 
1 0 7.3310212486175432 0 -0.51055998634518174 -0.85984213687351241 0 
1 -11.606981739186303 -3.0459768394057183 -7.2570438236007577 -2.7192621468937821e-32 -1 -2.2204460492503131e-16 
1 -14.257680388174109 -3.0459768394057192 -3.0174923529550322 -2.7192621468937821e-32 -1 -2.2204460492503131e-16 
1 0 7.2570438236007595 0 -0.53013972979756019 -0.8479102941291432 0 
1 -15.105590682303252 -3.0459768394057192 -3.5476320827525902 -2.7192621468937821e-32 -1 -2.2204460492503131e-16 
1 -2.6506986489878068 3.0174923529550344 0 -0.84791029412914409 0.53013972979755852 0 
1 -12.454892033315449 -3.0459768394057183 -7.7871835533983127 -2.7192621468937821e-32 -1 -2.2204460492503131e-16 
1 -3.4986089431169494 3.547632082752592 0 0.53013972979755974 0.84791029412914343 0 
1 0 7.2570438236007595 0 -0.84791029412914676 0.5301397297975543 0 
1 -9.6959325315500635 -8.74498715924069 -7.2577190096025372 0.25629460503733237 -0.96659871478745407 -1.9792049046354387e-16 
1 -12.257252449272315 -9.4241236681602416 -3.017623034116621 0.25629460503733237 -0.96659871478745407 -1.9792049046354387e-16 
1 0 7.2577190096025364 0 -0.52996551278996096 -0.84801919509718282 0 
1 -13.076946713368343 -9.6414664128317504 -3.5475885469065824 0.25629460503733237 -0.96659871478745407 -1.9792049046354387e-16 
1 -2.6498275639498048 3.0176230341166224 0 -0.84801919509718282 0.52996551278996107 0 
1 -10.51562679564609 -8.9623299039121989 -7.7876845223924986 0.25629460503733237 -0.96659871478745407 -1.9792049046354387e-16 
1 -3.4978467590469875 3.5475885469065833 0 0.52996551278996096 0.84801919509718282 0 
1 0 7.2577190096025364 0 -0.8480191950971826 0.52996551278996129 0 
Polygon3D 0
PolygonOnTriangulations 0
Surfaces 15
1 -12.006367855034002 3.0459768394057205 -7.3310212486175415 0.4831312648978982 -0.16509294513959227 -0.85984213687356159 -0.81364899387051892 0.27803563641516349 -0.51055998634509892 0.32335660755835716 0.94627718156381146 5.5511151231257815e-17 
1 -12.820016848904634 3.3240124758209229 -7.8415812349627121 -0.81364899387032219 0.27803563641509615 -0.51055998634544886 -0.48313126489822944 0.1650929451397054 0.85984213687335376 0.32335660755835705 0.94627718156381158 2.7755575615628914e-17 
1 -15.235673173396549 4.1494772015197121 -3.5423705505945784 -0.48313126489682456 0.1650929451392254 0.85984213687423527 0.81364899387115641 -0.2780356364153812 0.51055998634396427 0.32335660755835705 0.94627718156381158 -2.7755575615628914e-17 
1 -12.006367855034002 3.0459768394057205 -7.3310212486175415 -0.8136489938704724 0.2780356364151475 -0.51055998634518163 -0.48313126489797659 0.16509294513961911 0.85984213687351252 0.3233566075583571 0.94627718156381158 -5.5511151231257815e-17 
1 13.621020514214997 3.5977270204626222 5.4366958996058958 -0.32335660755835649 0.9462771815638118 4.2964837564784599e-16 0.9462771815638118 0.32335660755835649 0 -1.3892964119244583e-16 4.0656645397151349e-16 -1 
1 -11.606981739186303 -3.0459768394057183 -7.2570438236007577 -0.8479102941291432 1.177146668579621e-16 -0.53013972979756008 -0.53013972979756008 -1.8827390627177284e-16 0.8479102941291432 -6.1629758220391547e-32 1 2.2204460492503146e-16 
1 -14.257680388174109 -3.0459768394057192 -3.0174923529550326 0.53013972979755841 1.8827390627177289e-16 -0.8479102941291442 -0.8479102941291442 1.1771466685796173e-16 -0.53013972979755841 3.6977854932234928e-32 1 2.2204460492503131e-16 
1 -15.105590682303252 -3.0459768394057192 -3.5476320827525902 0.84791029412914343 -1.1771466685796198e-16 0.53013972979755952 0.53013972979755952 1.8827390627177262e-16 -0.84791029412914343 8.6281661508548166e-32 1 2.2204460492503121e-16 
1 -11.606981739186303 -3.0459768394057183 -7.2570438236007577 0.53013972979755419 1.8827390627177349e-16 -0.84791029412914687 -0.84791029412914687 1.1771466685796079e-16 -0.53013972979755419 3.6977854932234928e-32 1 2.2204460492503131e-16 
1 13.356286210744781 -3.0459768394057196 5.4023379531766755 9.4171733486379972e-17 1 -1.5061912501741172e-16 0 1.5061912501741172e-16 1 1 -9.4171733486379972e-17 1.4184064099091441e-32 
1 -9.6959325315500635 -8.74498715924069 -7.2577190096025372 -0.81969426409602819 -0.21734274467150885 -0.52996551278996085 -0.51226398354445024 -0.13582730178391036 0.84801919509718293 -0.25629460503733226 0.96659871478745396 8.3266726846886728e-17 
1 -12.257252449272315 -9.4241236681602416 -3.0176230341166215 0.51226398354445013 0.13582730178391048 -0.84801919509718282 -0.81969426409602808 -0.21734274467150891 -0.52996551278996096 -0.25629460503733237 0.96659871478745396 1.5265566588595902e-16 
1 -13.076946713368343 -9.6414664128317504 -3.5475885469065824 0.81969426409602819 0.21734274467150885 0.52996551278996085 0.51226398354445024 0.13582730178391036 -0.84801919509718293 -0.25629460503733226 0.96659871478745396 8.3266726846886728e-17 
1 -9.6959325315500635 -8.74498715924069 -7.2577190096025372 0.51226398354445046 0.13582730178391056 -0.84801919509718271 -0.81969426409602797 -0.21734274467150877 -0.52996551278996118 -0.25629460503733231 0.96659871478745396 2.081668171172168e-16 
1 11.386439622459202 -9.1932267860362202 5.4026537782545612 0.2562946050373322 0.96659871478745407 0 0.96659871478745407 -0.2562946050373322 0 0 0 -1 
Triangulations 0

TShapes 73
Ve
1e-07
0 7.33102124861754 0
0 0

0101101
*
Ed
 1e-07 1 1 0
1  1 0 0 4.5
0

0101000
+73 10 -73 12 *
Ve
1e-07
-0.859842136873682 7.84158123496271 0
0 0

0101101
*
Ed
 1e-07 1 1 0
1  2 0 0 4.5
0

0101000
+71 10 -71 12 *
Ed
 1e-07 1 1 0
1  3 0 0 1.00000000000014
0

0101000
+73 0 -71 0 *
Wi

0101100
+72 0 -70 0 -69 10 +69 12 *
Fa
0  1e-07 1 0

0101000
+68 0 *
Ve
1.00000000314018e-07
-3.41264206860174 3.54237055059458 0
0 0

0101101
*
Ed
 1.00000000314018e-07 1 1 0
1  4 0 0 4.5
0

0101000
+66 10 -66 12 *
Ed
 1e-07 1 1 0
1  5 0 0 5.00000000000159
0

0101000
+71 0 -66 0 *
Wi

0101100
+70 0 -65 0 -64 10 +64 12 *
Fa
0  1e-07 2 0

0101000
+63 0 *
Ve
1e-07
-2.55279993172605 3.03181056424975 0
0 0

0101101
*
Ed
 1e-07 1 1 0
1  6 0 0 4.5
0

0101000
+61 10 -61 12 *
Ed
 1e-07 1 1 0
1  7 0 0 1.0000000000017
0

0101000
+66 0 -61 0 *
Wi

0101100
+65 0 -60 0 -59 10 +59 12 *
Fa
0  1e-07 3 0

0101000
+58 0 *
Ed
 1e-07 1 1 0
1  8 0 0 5.00000000000027
0

0101000
+73 0 -61 0 *
Wi

0101100
+72 0 -60 0 -56 10 +56 12 *
Fa
0  1e-07 4 0

0101000
+55 0 *
Wi

0101100
+69 0 +64 0 +59 0 -56 0 *
Fa
0  1e-07 5 0

0101000
+53 14 *
Sh

0101100
+67 0 +62 0 +57 0 -54 0 +52 13 -52 15 *
So

0100000
+51 0 *
Ve
1.00000000314019e-07
0 7.25704382360076 0
0 0

0101101
*
Ed
 1.00000000314018e-07 1 1 0
1  9 0 0 4.5
0

0101000
+49 19 -49 21 *
Ve
1.00000000314019e-07
-2.65069864898781 3.01749235295503 0
0 0

0101101
*
Ed
 1.00000000314018e-07 1 1 0
1  10 0 0 4.5
0

0101000
+47 19 -47 21 *
Ed
 1.00000000314018e-07 1 1 0
1  11 0 0 5.00000000000001
0

0101000
+49 0 -47 0 *
Wi

0101100
+48 0 -46 0 -45 19 +45 21 *
Fa
0  1e-07 6 0

0101000
+44 0 *
Ve
1e-07
-3.49860894311695 3.54763208275259 0
0 0

0101101
*
Ed
 1e-07 1 1 0
1  12 0 0 4.5
0

0101000
+42 19 -42 21 *
Ed
 1e-07 1 1 0
1  13 0 0 0.999999999999998
0

0101000
+47 0 -42 0 *
Wi

0101100
+46 0 -41 0 -40 19 +40 21 *
Fa
0  1e-07 7 0

0101000
+39 0 *
Ve
1e-07
-0.847910294129148 7.78718355339831 0
0 0

0101101
*
Ed
 1e-07 1 1 0
1  14 0 0 4.5
0

0101000
+37 19 -37 21 *
Ed
 1e-07 1 1 0
1  15 0 0 5.00000000000001
0

0101000
+42 0 -37 0 *
Wi

0101100
+41 0 -36 0 -35 19 +35 21 *
Fa
0  1e-07 8 0

0101000
+34 0 *
Ed
 1e-07 1 1 0
1  16 0 0 1
0

0101000
+49 0 -37 0 *
Wi

0101100
+48 0 -36 0 -32 19 +32 21 *
Fa
0  1e-07 9 0

0101000
+31 0 *
Wi

0101100
+45 0 +40 0 +35 0 -32 0 *
Fa
0  1e-07 10 0

0101000
-29 23 *
Sh

0101100
-43 0 -38 0 -33 0 +30 0 +28 22 -28 24 *
So

0100000
+27 0 *
Ve
1e-07
0 7.25771900960254 0
0 0

0101101
*
Ed
 1e-07 1 1 0
1  17 0 0 4.5
0

0101000
+25 27 -25 29 *
Ve
1.00000000222045e-07
-2.6498275639498 3.01762303411662 0
0 0

0101101
*
Ed
 1.00000000222045e-07 1 1 0
1  18 0 0 4.5
0

0101000
+23 27 -23 29 *
Ed
 1e-07 1 1 0
1  19 0 0 5
0

0101000
+25 0 -23 0 *
Wi

0101100
+24 0 -22 0 -21 27 +21 29 *
Fa
0  1e-07 11 0

0101000
+20 0 *
Ve
1e-07
-3.49784675904699 3.54758854690658 0
0 0

0101101
*
Ed
 1e-07 1 1 0
1  20 0 0 4.5
0

0101000
+18 27 -18 29 *
Ed
 1e-07 1 1 0
1  21 0 0 1
0

0101000
+23 0 -18 0 *
Wi

0101100
+22 0 -17 0 -16 27 +16 29 *
Fa
0  1e-07 12 0

0101000
+15 0 *
Ve
1.00000000055511e-07
-0.848019195097183 7.7876845223925 0
0 0

0101101
*
Ed
 1.00000000055511e-07 1 1 0
1  22 0 0 4.5
0

0101000
+13 27 -13 29 *
Ed
 1e-07 1 1 0
1  23 0 0 5
0

0101000
+18 0 -13 0 *
Wi

0101100
+17 0 -12 0 -11 27 +11 29 *
Fa
0  1e-07 13 0

0101000
+10 0 *
Ed
 1e-07 1 1 0
1  24 0 0 1
0

0101000
+25 0 -13 0 *
Wi

0101100
+24 0 -12 0 -8 27 +8 29 *
Fa
0  1e-07 14 0

0101000
+7 0 *
Wi

0101100
+21 0 +16 0 +11 0 -8 0 *
Fa
0  1e-07 15 0

0101000
-5 31 *
Sh

0101100
-19 0 -14 0 -9 0 +6 0 +4 30 -4 32 *
So

0100000
+3 0 *
Co

1100000
+50 6 +26 16 +2 0 *

+1 1 ]]>
      </Part>
      <ElementMap new="1" count="1"><Element key="Dummy" value="Dummy"/></ElementMap>
      <ElementMap2 count="78">
<![CDATA[
13 PostfixCount 22
Edge
Face
Vertex
;:G;XTR;:H123b:7,E;:H125c,E
;:G;XTR;:H123b:7,F;:H125c,F
;:G0;XTR;:H123b:8,F;:H125c,F
;:U;XTR;:H123b:7,E;:H125c,E
;:U;XTR;:H123b:7,V;:H125c,V
;:H123b,V;:H125c,V
;:H123b,E;:H125c,E
;FAC;:H123b:4,F;:H125c,F
;:H123e,V
;:G;XTR;:H123e:7,F
;FAC;:H123e:4,F
;:G;XTR;:H123e:7,E
;:G0;XTR;:H123e:8,F
;:U;XTR;:H123e:7,E
;:U;XTR;:H123e:7,V
;:H123e,E
;:H125d,V
;:H125d,E
;:H125d,F

MapCount 3

ElementMap 1 14 3

Edge

ChildCount 0

NameCount 13
0
$#11.4 0
$#12.4 0
$#a.a 0
$#1b.7 0
$#13.4 0
$#b.a 0
$#1c.7 0
$#14.4 0
$#c.a 0
$#1d.7 0
$#d.a 0
$#1e.7 0

Face

ChildCount 0

NameCount 7
0
$#f.5 0
$#15.5 0
$#16.5 0
$#17.5 0
$#f.b 0
$#19.6 0

Vertex

ChildCount 0

NameCount 9
0
$#2.9 $#3.9 0
$#20.8 0
$#4.9 $#5.9 0
$#21.8 0
$#6.9 $#7.9 0
$#22.8 0
$#8.9 $#9.9 0
$#23.8 0

EndMap

ElementMap 2 12 3

Edge

ChildCount 0

NameCount 13
0
$#3d.f 0
$#3e.f 0
$#a.13 0
$#47.11 0
$#3f.f 0
$#b.13 0
$#48.11 0
$#40.f 0
$#c.13 0
$#49.11 0
$#d.13 0
$#4a.11 0

Face

ChildCount 0

NameCount 7
0
$#3b.d 0
$#41.d 0
$#42.d 0
$#43.d 0
$#3b.e 0
$#45.10 0

Vertex

ChildCount 0

NameCount 9
0
$#2.c $#3.c 0
$#4c.12 0
$#4.c $#5.c 0
$#4d.12 0
$#6.c $#7.c 0
$#4e.12 0
$#8.c $#9.c 0
$#4f.12 0

EndMap

ElementMap 3 13 3

Edge

ChildCount 2
1 0 12 4701 1 ;:H125d,E 0
1 24 12 -4702 2 ;:H-125e,E 0

NameCount 25
0
0
0
0
0
0
0
0
0
0
0
0
0
$#3f7.15 0
$#3f8.15 0
$#3fa.15 0
$#3fc.15 0
$#3fd.15 0
$#3fe.15 0
$#3ff.15 0
$#400.15 0
$#401.15 0
$#402.15 0
$#403.15 0
$#404.15 0

Face

ChildCount 2
1 0 6 4701 1 ;:H125d,F 0
1 12 6 -4702 2 ;:H-125e,F 0

NameCount 13
0
0
0
0
0
0
0
$#406.16 0
$#407.16 0
$#408.16 0
$#409.16 0
$#40b.16 0
$#40d.16 0

Vertex

ChildCount 2
1 0 8 4701 1 ;:H125d,V 0
1 16 8 -4702 2 ;:H-125e,V 0

NameCount 17
0
0
0
0
0
0
0
0
0
$#3ed.14 0
$#3ef.14 0
$#3f0.14 0
$#3f1.14 0
$#3f2.14 0
$#3f3.14 0
$#3f4.14 0
$#3f5.14 0

EndMap
]]>
      </ElementMap2>
    </Property>
    <Property name="Suppress" type="App::PropertyBool">
      <Bool value="false"/>
    </Property>
    <Property name="SuppressedShape" type="Part::PropertyPartShape">
      <Part ElementMap="0.15.70200.4" brep="1">
<![CDATA[

CASCADE Topology V1, (c) Matra-Datavision
Locations 0
Curve2ds 0
Curves 0
Polygon3D 0
PolygonOnTriangulations 0
Surfaces 0
Triangulations 0

TShapes 0

*]]>
      </Part>
      <ElementMap/>
    </Property>
    <Property name="TaperAngle" type="App::PropertyAngle">
      <Float value="0"/>
    </Property>
    <Property name="TaperAngleRev" type="App::PropertyAngle">
      <Float value="0"/>
    </Property>
    <Property name="TreeRank" type="App::PropertyInteger" status="2184">
      <Integer value="1803"/>
    </Property>
    <Property name="Type" type="App::PropertyEnumeration">
      <Integer value="0"/>
    </Property>
    <Property name="UpToFace" type="App::PropertyLinkSub">
      <LinkSub value="" count="0">
      </LinkSub>
    </Property>
    <Property name="UseCustomVector" type="App::PropertyBool">
      <Bool value="false"/>
    </Property>
    <Property name="UsePipeForDraft" type="App::PropertyBool">
      <Bool value="false"/>
    </Property>
    <Property name="Visibility" type="App::PropertyBool" status="648">
      <Bool value="false"/>
    </Property>
    <Property name="_ProfileBasedVersion" type="App::PropertyInteger" status="67108864">
      <Integer value="1"/>
    </Property>
    <Property name="_Siblings" type="App::PropertyLinkList" status="218103808">
      <LinkList count="0">
      </LinkList>
    </Property>
  </Properties>
</Object>
</Document>
