<?xml version='1.0' encoding='utf-8'?>
<!-- FreeCAD DocumentObject -->
<Document SchemaVersion="4" FileVersion="2">
<Object name="Solid043">
  <Properties Count="8" TransientCount="1">
    <_Property name="_ElementMapVersion" type="App::PropertyString" status="234881024"/>
    <Property name="ColoredElements" type="App::PropertyLinkSubHidden" status="218103808">
      <LinkSub value="" count="0">
      </LinkSub>
    </Property>
    <Property name="ExpressionEngine" type="App::PropertyExpressionEngine" status="67108864">
      <ExpressionEngine count="0"></ExpressionEngine>
    </Property>
    <Property name="Label" type="App::PropertyString" status="134217728">
      <String value="rapdio 实体模型"/>
    </Property>
    <Property name="Label2" type="App::PropertyString" status="128">
      <String value=""/>
    </Property>
    <Property name="Placement" type="App::PropertyPlacement" status="8388608">
      <PropertyPlacement Px="9.71e-14" Py="-3.747e-13" Pz="12.5" Q0="-1.131370849898476e-15" Q1="1.131370849898476e-15" Q2="-0.7071067811865477" Q3="0.7071067811865474" A="1.570796326794897" Ox="-1.6e-15" Oy="1.6e-15" Oz="-1"/>
    </Property>
    <Property name="Shape" type="Part::PropertyPartShape">
      <Part ElementMap="0.15.70200.4" brep="1">
<![CDATA[

CASCADE Topology V1, (c) Matra-Datavision
Locations 1
1
              0               1           3e-15         9.7e-14 
             -1               0              -0       -3.75e-13 
             -0          -3e-15               1            12.5 
Curve2ds 8
1 9.4247779607693474 9.5 -1 0 
1 9.4247779607693527 9.5 -1 0 
1 9.4247779607693989 7 -1 0 
1 9.4247779607693953 7 -1 0 
1 9.4247779607693474 0 0 1 
1 3.1415926535897616 0 0 1 
1 9.4247779607693527 0 0 1 
1 3.1415926535897669 0 0 1 
Curves 6
2 -3.7934999999999999e-13 -1.0045e-13 13 -4.0000000000000003e-17 -3.1400000000000001e-15 1 0.86602540378443882 -0.49999999999999989 -1.5353589838486222e-15 0.49999999999999989 0.86602540378443882 2.7393197678831381e-15 0.94999999999999996
2 -3.7934999999999999e-13 -1.0045e-13 13 -4.0000000000000003e-17 -3.1400000000000001e-15 1 0.86602540378443882 -0.49999999999999989 -1.5353589838486222e-15 0.49999999999999989 0.86602540378443882 2.7393197678831381e-15 1.1499999999999999
2 -3.8016000000000002e-13 -1.6481000000000001e-13 15.5 -4.0000000000000003e-17 -3.1400000000000001e-15 1 0.86602540378443882 -0.49999999999999989 -1.5353589838486222e-15 0.49999999999999989 0.86602540378443882 2.7393197678831381e-15 0.94999999999999996
2 -3.8016000000000002e-13 -1.6481000000000001e-13 15.5 -4.0000000000000003e-17 -3.1400000000000001e-15 1 0.86602540378443882 -0.49999999999999989 -1.5353589838486222e-15 0.49999999999999989 0.86602540378443882 2.7393197678831381e-15 1.1499999999999999
7 0 0  1 2 2  0.82272413359485219 -0.47500000000011611 15.5  0.8227241335948523 -0.47500000000010828 13 
 7 2 9.5 2
7 0 0  1 2 2  0.9959292143517402 -0.57500000000011575 15.5  0.99592921435174031 -0.57500000000010787 13 
 7 2 9.5 2
Polygon3D 0
PolygonOnTriangulations 0
Surfaces 4
1 -3.7934999999999999e-13 -1.0045e-13 13 -4.0000000000000003e-17 -3.1400000000000001e-15 1 0.86602540378443882 -0.49999999999999989 -1.5353589838486222e-15 0.49999999999999989 0.86602540378443882 2.7393197678831381e-15 
10 3.1415926535897616 9.4247779607693474 7 9.5
2 -3.8016000000000002e-13 -1.6481000000000001e-13 22.5 4.0000000000000003e-17 3.1400000000000001e-15 -1 -0.86602540378443882 0.49999999999999989 1.5353589838486222e-15 0.49999999999999989 0.86602540378443882 2.7393197678831381e-15 0.94999999999999996
10 3.1415926535897669 9.4247779607693527 7 9.5
2 -3.8016000000000002e-13 -1.6481000000000001e-13 22.5 4.0000000000000003e-17 3.1400000000000001e-15 -1 -0.86602540378443882 0.49999999999999989 1.5353589838486222e-15 0.49999999999999989 0.86602540378443882 2.7393197678831381e-15 1.1499999999999999
1 -3.8016000000000002e-13 -1.6481000000000001e-13 15.5 -4.0000000000000003e-17 -3.1400000000000001e-15 1 0.86602540378443882 -0.49999999999999989 -1.5353589838486222e-15 0.49999999999999989 0.86602540378443882 2.7393197678831381e-15 
Triangulations 0

TShapes 22
Ve
1e-05
0.822724133594838 -0.4750000000001 13
0 0

0101101
*
Ed
 1e-07 1 1 0
1  1 0 0 6.28318530717959
2  1 2 0 0 6.28318530717959
4 C0 1 0 2 0
0

0101000
+22 0 -22 0 *
Wi

0101100
+21 0 *
Ve
1e-05
0.995929214351726 -0.5750000000001 13
0 0

0101101
*
Ed
 1e-07 1 1 0
1  2 0 0 6.28318530717959
2  2 3 0 0 6.28318530717959
4 C0 1 0 3 0
0

0101000
+19 0 -19 0 *
Wi

0101100
-18 0 *
Fa
0  1e-07 1 0

0101000
-20 0 -17 0 *
Ve
1e-05
0.822724133594837 -0.475000000000165 15.5
0 0

0101101
*
Ed
 1e-07 1 1 0
1  3 0 0 6.28318530717959
2  3 2 0 0 6.28318530717959
4 C0 4 0 2 0
0

0101000
-15 0 +15 0 *
Wi

0101100
-14 0 *
Ve
1e-05
0.995929214351725 -0.575000000000165 15.5
0 0

0101101
*
Ed
 1e-07 1 1 0
1  4 0 0 6.28318530717959
2  4 3 0 0 6.28318530717959
4 C0 4 0 3 0
0

0101000
-12 0 +12 0 *
Wi

0101100
+11 0 *
Fa
0  1e-07 4 0

0101000
+13 0 +10 0 *
Ed
 1e-05 1 1 0
1  5 0 7 9.5
3  5 6CN 2 0 7 9.5
0

0101000
-22 0 +15 0 *
Wi

0101100
+21 0 -8 0 -14 0 +8 0 *
Fa
0  1e-07 2 0

0101000
+7 0 *
Ed
 1e-05 1 1 0
1  6 0 7 9.5
3  7 8CN 3 0 7 9.5
0

0101000
-19 0 +12 0 *
Wi

0101100
+18 0 -5 0 -11 0 +5 0 *
Fa
0  1e-07 3 0

0101000
+4 0 *
Sh

0101100
-16 0 +9 0 -6 0 +3 0 *
So

0100000
+2 0 *

+1 1 ]]>
      </Part>
      <ElementMap/>
    </Property>
    <Property name="TreeRank" type="App::PropertyInteger" status="2184">
      <Integer value="255"/>
    </Property>
    <Property name="Visibility" type="App::PropertyBool" status="648">
      <Bool value="false"/>
    </Property>
  </Properties>
</Object>
</Document>
