<?xml version='1.0' encoding='utf-8'?>
<!-- FreeCAD DocumentObject -->
<Document SchemaVersion="4" FileVersion="2">
<Object name="Solid014">
  <Properties Count="8" TransientCount="1">
    <_Property name="_ElementMapVersion" type="App::PropertyString" status="234881024"/>
    <Property name="ColoredElements" type="App::PropertyLinkSubHidden" status="218103808">
      <LinkSub value="" count="0">
      </LinkSub>
    </Property>
    <Property name="ExpressionEngine" type="App::PropertyExpressionEngine" status="67108864">
      <ExpressionEngine count="0"></ExpressionEngine>
    </Property>
    <Property name="Label" type="App::PropertyString" status="134217728">
      <String value="face_belt_grabber"/>
    </Property>
    <Property name="Label2" type="App::PropertyString" status="128">
      <String value=""/>
    </Property>
    <Property name="Placement" type="App::PropertyPlacement" status="8388608">
      <PropertyPlacement Px="1.874e-13" Py="30.1499999999996" Pz="41" Q0="0" Q1="0" Q2="0" Q3="1" A="0" Ox="0" Oy="0" Oz="1"/>
    </Property>
    <Property name="Shape" type="Part::PropertyPartShape">
      <Part ElementMap="0.15.70200.4" brep="1">
<![CDATA[

CASCADE Topology V1, (c) Matra-Datavision
Locations 1
1
              1               0               0        1.87e-13 
              0               1               0 30.1499999999996 
              0               0               1              41 
Curve2ds 8
1 9.4247779607693793 0 -1 0 
1 3.1415926535897931 0 1 0 
1 3.1415926535897931 3 1 0 
1 9.4247779607693793 3 -1 0 
1 9.4247779607693793 0 0 1 
1 3.1415926535897931 0 0 1 
1 9.4247779607693793 0 0 1 
1 3.1415926535897931 0 0 1 
Curves 131
1 -25 -20.850000000000001 0.40000000000000002 1 0 -1.6000000000000001e-16 
1 -24.826632995774101 -20.850000000000001 0.51548220313557302 0.81649658092772603 0 0.57735026918962584 
1 -24 -20.850000000000001 7.9000000000000004 1.6000000000000001e-16 0 1 
1 -24.826632995774101 -20.850000000000001 10.284517796864401 0.8164965809277247 0 -0.57735026918962773 
1 -25 -20.850000000000001 10.4 1 0 -1.6000000000000001e-16 
1 -22 -20.850000000000001 10.4 0 0 1 
1 0 -20.850000000000001 10.300000000000001 1 0 0 
1 -21.25 -20.850000000000001 10.401999999999999 0 0 1 
1 -17.622486950591899 -20.850000000000001 0.5 1 0 0 
1 -22 -20.850000000000001 0.40000000000000002 0 0 -1 
1 -25 -22.349999999999998 -2.6000000000000001 -1.4000000000000001e-16 -0.44721359549994916 -0.8944271909999203 
1 -25 -22.401470842750399 -4.2721359549995297 8.0000000000000006e-17 0.85065080835203788 0.52573111211913703 
1 -25 -25.100000000000001 -5.5999999999999996 0 -1 3.5000000000000002e-16 
1 -25 -33.7718417864495 -2.1255106965997497 8.0000000000000006e-17 -0.85065080835203666 0.52573111211913892 
1 -25 -30.349999999999998 -2.6000000000000001 -1.4000000000000001e-16 0.44721359549994877 -0.89442719099992052 
1 -25 -31.350000000000001 0.40000000000000002 -0 1 -1.1e-16 
1 -25 -32.009966329107499 0.27977994274005702 8.9999999999999996e-17 0.81649658092772759 0.57735026918962373 
1 -25 -30.849999999999998 5.4000000000000004 -1.6000000000000001e-16 0 -1 
1 -25 -32.009966329107499 10.5202200572599 -8.9999999999999996e-17 0.81649658092772803 -0.57735026918962296 
1 -25 -31.350000000000001 10.4 0 1 0 
1 -25 -30.349999999999998 13.4 1.4000000000000001e-16 0.44721359549994916 0.8944271909999203 
1 -25 -33.235185471849604 13.2571825392998 -8.0000000000000006e-17 -0.85065080835203666 -0.52573111211913892 
1 -25 -27.599999999999998 16.400000000000002 0 1 0 
1 -25 -22.938127157350298 15.4038077976995 -8.0000000000000006e-17 0.85065080835203666 -0.52573111211913892 
1 -25 -22.349999999999998 13.4 1.4000000000000001e-16 -0.44721359549994877 0.89442719099992052 
1 -25 -21.350000000000001 10.4 0 -1 0 
1 -25 -20.690033670892699 10.5202200572599 8.9999999999999996e-17 0.8164965809277247 0.57735026918962773 
1 -25 -21.850000000000001 5.4000000000000004 -1.6000000000000001e-16 0 -1 
1 -25 -20.690033670892699 0.27977994274005402 -8.9999999999999996e-17 0.81649658092772603 -0.57735026918962584 
1 -25 -21.350000000000001 0.39999999999999497 0 -1 0 
2 -25 -26.349999999999998 13.4 -1 0 1.6000000000000001e-16 1.6000000000000001e-16 0 1 0 1 -0 1.6499999999999999
2 -25 -26.349999999999998 -2.6000000000000001 1 0 -1.6000000000000001e-16 1.6000000000000001e-16 0 1 0 -1 0 1.6499999999999999
1 -21 -21.850000000000001 10.300000000000001 1 0 0 
1 -21.25 -21.350000000000001 10.300000000000001 0 1 0 
1 -22 -16.899999999999999 10.300000000000001 0 1 0 
1 -21 -28.850000000000001 10.300000000000001 1 0 0 
1 -22 -16.899999999999999 10.300000000000001 0 1 0 
1 0 -29.850000000000001 10.300000000000001 1 0 0 
1 -21.25 -29.350000000000001 10.300000000000001 0 1 0 
1 -21 -22.849999999999998 10.300000000000001 1 0 0 
1 -22 -16.899999999999999 10.300000000000001 0 1 0 
1 -21 -23.850000000000001 10.300000000000001 1 0 0 
1 -21.25 -23.349999999999998 10.300000000000001 0 1 0 
1 -22 -16.899999999999999 10.300000000000001 0 1 0 
1 -21 -27.850000000000001 10.300000000000001 1 0 0 
1 -21.25 -27.349999999999998 10.300000000000001 0 1 0 
1 -21 -26.849999999999998 10.300000000000001 1 0 0 
1 -21 -27.850000000000001 0.5 1 0 0 
1 -22 -22.75 0.5 0 1 0 
1 -21 -26.849999999999998 0.5 1 0 0 
1 -21.25 -27.349999999999998 0.5 0 1 0 
1 -21 -25.850000000000001 0.5 1 0 0 
1 -22 -22.75 0.5 0 1 0 
1 -21 -24.850000000000001 0.5 1 0 0 
1 -21.25 -25.350000000000001 0.5 0 1 0 
1 -21 -23.850000000000001 0.5 1 0 0 
1 -22 -22.75 0.5 0 1 0 
1 -21 -22.849999999999998 0.5 1 0 0 
1 -21.25 -23.349999999999998 0.5 0 1 0 
1 -21 -21.850000000000001 0.5 1 0 0 
1 -22 -22.75 0.5 0 1 0 
1 -21.25 -21.350000000000001 0.5 0 1 0 
1 -21.25 -29.350000000000001 0.5 0 1 0 
1 -17.622486950591899 -29.850000000000001 0.5 1 0 0 
1 -22 -22.75 0.5 0 1 0 
1 -21 -28.850000000000001 0.5 1 0 0 
1 -21.25 -29.850000000000001 10.401999999999999 0 0 1 
1 -22 -29.850000000000001 10.401999999999999 0 0 -1 
1 -22 -27.850000000000001 10.401999999999999 0 0 1 
1 -22 -26.849999999999998 10.401999999999999 0 0 1 
1 -22 -25.850000000000001 10.401999999999999 0 0 1 
1 -22 -16.899999999999999 10.300000000000001 0 1 0 
1 -22 -24.850000000000001 10.401999999999999 0 0 1 
1 -22 -23.850000000000001 10.401999999999999 0 0 1 
1 -22 -22.849999999999998 10.401999999999999 0 0 1 
2 -22 -26.349999999999998 -2.6000000000000001 1 0 -1.6000000000000001e-16 1.6000000000000001e-16 0 1 0 -1 0 1.6499999999999999
2 -22 -26.349999999999998 13.4 -1 0 1.6000000000000001e-16 1.6000000000000001e-16 0 1 0 1 -0 1.6499999999999999
1 -22 -25.100000000000001 -5.5999999999999996 0 -1 3.5000000000000002e-16 
1 -22 -24.549999999999997 -5.5999999999999996 -8.0000000000000006e-17 -0.85065080835203788 -0.52573111211913703 
1 -22 -22.349999999999998 -2.6000000000000001 -1.4000000000000001e-16 -0.44721359549994916 -0.8944271909999203 
1 -22 -21.850000000000001 10.401999999999999 0 0 1 
1 -22 -22.349999999999998 13.4 1.4000000000000001e-16 -0.44721359549994877 0.89442719099992052 
1 -22 -23.5369504831501 15.773900966300099 8.0000000000000006e-17 -0.85065080835203666 0.52573111211913892 
1 -22 -27.599999999999998 16.400000000000002 0 1 0 
1 -22 -28.150000000000002 16.400000000000002 8.0000000000000006e-17 0.85065080835203666 0.52573111211913892 
1 -22 -30.349999999999998 13.4 1.4000000000000001e-16 0.44721359549994916 0.8944271909999203 
1 -22 -29.850000000000001 0.40000000000000002 -1.6000000000000001e-16 0 -1 
1 -22 -28.850000000000001 10.401999999999999 0 0 1 
1 -22 -29.850000000000001 0.40000000000000002 -1.6000000000000001e-16 0 -1 
1 -22 -30.349999999999998 -2.6000000000000001 -1.4000000000000001e-16 0.44721359549994877 -0.89442719099992052 
1 -22 -29.163049516850002 -4.97390096630006 -8.0000000000000006e-17 0.85065080835203666 -0.52573111211913892 
1 -22 -23.5369504831501 15.773900966300099 1 -0 -1.6000000000000001e-16 
1 -25 -20.850000000000001 10.4 1 0 -1.6000000000000001e-16 
1 -25 -23.5369504831501 -4.97390096630006 -1 0 1.6000000000000001e-16 
1 -25 -20.850000000000001 0.40000000000000002 1 0 -1.6000000000000001e-16 
1 -25 -24.549999999999997 -5.5999999999999996 1 0 -1.6000000000000001e-16 
1 -25 -28.150000000000002 -5.5999999999999996 -1 0 1.6000000000000001e-16 
1 -22 -29.163049516850002 -4.97390096630006 1 -0 -1.6000000000000001e-16 
1 -22.9166666666667 -30.766666666666698 -1.7666666666666999 -0.40824829046385486 -0.40824829046385586 0.81649658092773369 
1 -24.759575545354398 -31.910174567988399 0.52034913597684795 -0.86350205575285266 0.22555008300179691 -0.45110016600360481 
1 -25 -31.850000000000005 0.40000000000000002 1 0 -1.6000000000000001e-16 
1 -25 -29.163049516850002 15.773900966300099 -1 -0 1.6000000000000001e-16 
1 -25 -31.850000000000005 10.4 1 0 -1.6000000000000001e-16 
1 -26.458165713603098 -31.466496234066497 11.167007531866901 -0.86350205575285266 0.22555008300179691 0.45110016600360481 
1 -24.800000000000001 -32.649999999999999 8.8000000000000007 0.40824829046385608 0.40824829046385608 0.81649658092773303 
1 -25 -24.549999999999997 16.400000000000002 -1 0 1.6000000000000001e-16 
1 -25 -28.150000000000002 16.400000000000002 1 0 -1.6000000000000001e-16 
7 0 0  1 2 2  -25 -26.349999999999998 15.050000000000001  -22 -26.349999999999998 15.050000000000001 
 0 2 3 2
7 0 0  1 2 2  -25 -26.349999999999998 -0.95000000000000018  -22 -26.349999999999998 -0.95000000000000062 
 0 2 3 2
1 -21 -24.850000000000001 10.300000000000001 1 0 0 
1 -21 -25.850000000000001 10.300000000000001 1 0 0 
1 -21.25 -25.350000000000001 10.300000000000001 0 1 0 
1 -21.25 -27.850000000000001 10.401999999999999 0 0 1 
1 -21.25 -28.850000000000001 10.401999999999999 0 0 1 
1 -21.25 -23.850000000000001 10.401999999999999 0 0 1 
1 -21.25 -25.850000000000001 10.401999999999999 0 0 1 
1 -21.25 -26.849999999999998 10.401999999999999 0 0 1 
1 -21.25 -24.850000000000001 10.401999999999999 0 0 1 
1 -21.25 -21.850000000000001 10.401999999999999 0 0 1 
1 -21.25 -22.849999999999998 10.401999999999999 0 0 1 
1 -24.4949747468306 -32.344974746830601 10.4 -0.50000000000000056 -0.50000000000000056 0.7071067811865468 
1 -24 -31.850000000000005 10.4 1.6000000000000001e-16 0 1 
1 -24.4949747468306 -32.344974746830601 0.40000000000000002 -0.50000000000000056 -0.50000000000000056 -0.7071067811865468 
1 -24.7449747468306 -20.6050252531696 10.4 -0.70710678118654757 -0.70710678118654757 1.1e-16 
1 -24.4949747468306 -20.3550252531696 0.39999999999999497 0.70710678118654757 0.70710678118654757 -1.1e-16 
1 -24.4949747468306 -32.344974746830601 10.4 0.70710678118654757 -0.70710678118654757 -1.1e-16 
1 -24.7449747468306 -32.094974746830601 0.40000000000000002 -0.70710678118654757 0.70710678118654757 3.0000000000000001e-17 
1 -25 -21.850000000000001 1.1000000000000001 0.70710678118654757 0.70710678118654757 -1.1e-16 
1 -25 -21.850000000000001 9.7000000000000011 -0.70710678118654757 -0.70710678118654757 1.1e-16 
1 -25 -30.849999999999998 9.7000000000000011 -0.70710678118654757 0.70710678118654757 1.1e-16 
1 -24 -31.850000000000005 1.1000000000000001 0.70710678118654757 -0.70710678118654757 -3.0000000000000001e-17 
Polygon3D 0
PolygonOnTriangulations 0
Surfaces 50
1 -25 -20.850000000000001 7.9000000000000004 0 1 0 0 -0 1 1 0 -0 
1 -25 -22.349999999999998 -2.6000000000000001 7.0000000000000003e-17 -0.8944271909999203 0.44721359549994916 0 -0.44721359549994916 -0.8944271909999203 1 6.2609903369994425e-17 -3.1304951684996442e-17 
1 -24.7449747468306 -20.6050252531696 0.39999999999999497 0.49999999999999983 -0.49999999999999983 -0.70710678118654791 0.70710678118654757 0.70710678118654757 0 0.50000000000000022 -0.50000000000000022 0.70710678118654724 
1 -25 -21.850000000000001 5.4000000000000004 -0.70710678118654757 0.70710678118654757 1.1e-16 1.5778174593052024e-16 2.2182540694797998e-18 1 0.70710678118654757 0.70710678118654757 -1.1313708498984764e-16 
1 -24.7449747468306 -20.6050252531696 10.4 -0.50000000000000056 0.50000000000000056 -0.7071067811865468 0.70710678118654768 0.70710678118654746 -1.3877787807814457e-16 0.49999999999999939 -0.49999999999999967 -0.70710678118654835 
1 -25 -22.349999999999998 13.4 7.0000000000000003e-17 0.8944271909999203 0.44721359549994916 0 -0.44721359549994916 0.8944271909999203 1 -6.2609903369994425e-17 -3.1304951684996442e-17 
1 -22 -28.75 6 -1 0 1.6000000000000001e-16 0 -1 0 1.6000000000000001e-16 0 1 
1 0 -16.899999999999999 10.300000000000001 0 0 1 1 0 -0 -0 1 0 
1 -21.25 -21.350000000000001 10.401999999999999 -1 0 0 0 0 1 0 1 -0 
1 -17.622486950591899 -22.75 0.5 0 0 1 1 0 -0 -0 1 0 
1 -25 -28.75 6 -1 0 1.6000000000000001e-16 0 -1 0 1.6000000000000001e-16 0 1 
1 -25 -24.549999999999997 -5.5999999999999996 1.2999999999999999e-16 -0.52573111211913703 0.85065080835203788 1 1.2630052504938033e-18 -1.5204358542326864e-16 7.8859666817870606e-17 0.85065080835203788 0.52573111211913703 
1 -25 -25.100000000000001 -5.5999999999999996 1.6000000000000001e-16 3.5000000000000002e-16 1 0 -1 3.5000000000000002e-16 1 -5.6000000000000009e-32 -1.6000000000000001e-16 
1 -25 -29.163049516850002 -4.97390096630006 -1.2999999999999999e-16 -0.52573111211913892 -0.85065080835203677 -1 1.2630052504939387e-18 1.5204358542326874e-16 -7.8859666817870841e-17 0.85065080835203677 -0.52573111211913892 
1 -25 -30.349999999999998 -2.6000000000000001 -7.0000000000000003e-17 -0.89442719099992096 -0.44721359549994799 0 0.44721359549994799 -0.89442719099992096 1 -6.2609903369994461e-17 -3.1304951684996356e-17 
1 -24 -31.350000000000001 0.40000000000000002 1.6000000000000001e-16 1.1e-16 1 1 0 -1.6000000000000001e-16 -1.76e-32 1 -1.1e-16 
1 -24.7449747468306 -32.094974746830601 0.40000000000000002 0.49999999999999911 0.49999999999999911 -0.70710678118654879 -0.70710678118654757 0.70710678118654757 0 0.50000000000000089 0.50000000000000089 0.70710678118654635 
1 -24 -31.850000000000005 5.4000000000000004 0.70710678118654757 0.70710678118654757 -1.1e-16 -1.5778174593052024e-16 2.2182540694797998e-18 -1 -0.70710678118654757 0.70710678118654757 1.1313708498984764e-16 
1 -24.7449747468306 -32.094974746830601 10.4 -0.49999999999999911 -0.49999999999999911 -0.70710678118654879 -0.70710678118654757 0.70710678118654757 0 0.50000000000000089 0.50000000000000089 -0.70710678118654635 
1 -24 -31.350000000000001 10.4 1.6000000000000001e-16 0 1 1 0 -1.6000000000000001e-16 -0 1 0 
1 -25 -30.349999999999998 13.4 -7.0000000000000003e-17 0.8944271909999203 -0.44721359549994916 0 0.44721359549994916 0.8944271909999203 1 6.2609903369994425e-17 -3.1304951684996442e-17 
1 -25 -28.150000000000002 16.400000000000002 -1.2999999999999999e-16 0.52573111211913892 -0.85065080835203677 1 1.2630052504939387e-18 -1.5204358542326874e-16 -7.8859666817870841e-17 -0.85065080835203677 -0.52573111211913892 
1 -25 -27.599999999999998 16.400000000000002 -1.6000000000000001e-16 0 -1 -1 0 1.6000000000000001e-16 0 1 0 
1 -25 -23.5369504831501 15.773900966300099 1.2999999999999999e-16 0.52573111211913892 0.85065080835203677 -1 1.2630052504939387e-18 1.5204358542326874e-16 7.8859666817870841e-17 -0.85065080835203677 0.52573111211913892 
1 -24 -21.350000000000001 10.4 -1.6000000000000001e-16 0 -1 -1 0 1.6000000000000001e-16 0 1 0 
1 -24 -21.350000000000001 0.39999999999999497 -1.6000000000000001e-16 0 -1 -1 0 1.6000000000000001e-16 0 1 0 
10 3.1415926535897931 9.4247779607693793 0 3
2 -25 -26.349999999999998 13.4 1 0 -1.6000000000000001e-16 -1.6000000000000001e-16 0 -1 0 1 0 1.6499999999999999
10 3.1415926535897931 9.4247779607693793 0 3
2 -25 -26.349999999999998 -2.6000000000000001 1 0 -1.6000000000000001e-16 -1.6000000000000001e-16 0 -1 0 1 0 1.6499999999999999
1 -21 -21.850000000000001 10.401999999999999 0 1 0 0 0 -1 -1 0 0 
1 0 -16.899999999999999 10.300000000000001 0 0 1 1 0 -0 -0 1 0 
1 -21 -28.850000000000001 10.401999999999999 0 1 0 0 0 -1 -1 0 0 
1 -21.125 -29.850000000000001 10.401999999999999 0 -1 0 0 0 -1 1 0 0 
1 -21.25 -29.350000000000001 10.401999999999999 -1 0 0 0 0 1 0 1 -0 
1 0 -16.899999999999999 10.300000000000001 0 0 1 1 0 -0 -0 1 0 
1 -21 -22.849999999999998 10.401999999999999 0 1 0 0 0 -1 -1 0 0 
1 -21 -23.850000000000001 10.401999999999999 0 1 0 0 0 -1 -1 0 0 
1 -21.25 -23.349999999999998 10.401999999999999 -1 0 0 0 0 1 0 1 -0 
1 0 -16.899999999999999 10.300000000000001 0 0 1 1 0 -0 -0 1 0 
1 -21 -27.850000000000001 10.401999999999999 0 1 0 0 0 -1 -1 0 0 
1 -21.25 -27.349999999999998 10.401999999999999 -1 0 0 0 0 1 0 1 -0 
1 -21 -26.849999999999998 10.401999999999999 0 1 0 0 0 -1 -1 0 0 
1 -17.622486950591899 -22.75 0.5 0 0 1 1 0 -0 -0 1 0 
1 -17.622486950591899 -22.75 0.5 0 0 1 1 0 -0 -0 1 0 
1 -21 -25.850000000000001 10.401999999999999 0 1 0 0 0 -1 -1 0 0 
1 -21 -24.850000000000001 10.401999999999999 0 1 0 0 0 -1 -1 0 0 
1 -21.25 -25.350000000000001 10.401999999999999 -1 0 0 0 0 1 0 1 -0 
1 -17.622486950591899 -22.75 0.5 0 0 1 1 0 -0 -0 1 0 
1 -17.622486950591899 -22.75 0.5 0 0 1 1 0 -0 -0 1 0 
1 -22 -29.850000000000001 6 0.70710678118654802 -0.70710678118654702 -1.1e-16 1.5778174593052016e-16 2.2182540694798249e-18 1 -0.70710678118654702 -0.70710678118654802 1.1313708498984752e-16 
1 0 -16.899999999999999 10.300000000000001 0 0 1 1 0 -0 -0 1 0 
Triangulations 0

TShapes 326
Ve
1e-07
-24.9899494936612 -20.85 0.4
0 0

0101101
*
Ve
1e-07
-22 -20.85 0.4
0 0

0101101
*
Ed
 1e-07 1 1 0
1  1 0 0.0100505063388 3
4 C0 1 0 2 0
0

0101000
+326 0 -325 0 *
Ve
1e-07
-24 -20.85 1.1
0 0

0101101
*
Ed
 1e-07 1 1 0
1  2 0 -0.20002104320084 1.0124145220974
4 C0 1 0 3 0
0

0101000
+326 0 -323 0 *
Ve
1e-07
-24 -20.85 9.7
0 0

0101101
*
Ed
 1e-07 1 1 0
1  3 0 -6.8 1.8
4 C0 1 0 4 0
0

0101000
+323 0 -321 0 *
Ve
1e-07
-24.9899494936611 -20.85 10.4
0 0

0101101
*
Ed
 1e-07 1 1 0
1  4 0 -0.200021043200774 1.01241452209739
4 C0 1 0 5 0
0

0101000
+319 0 -321 0 *
Ve
1e-07
-22 -20.85 10.4
0 0

0101101
*
Ed
 1e-07 1 1 0
1  5 0 0.010050506338899 3
4 C0 1 0 6 0
0

0101000
+319 0 -317 0 *
Ve
1e-07
-22 -20.85 10.3
0 0

0101101
*
Ed
 1e-07 1 1 0
1  6 0 -0.1 0
4 C0 1 0 7 0
0

0101000
+315 0 -317 0 *
Ve
1e-07
-21.25 -20.85 10.3
0 0

0101101
*
Ed
 1e-07 1 1 0
1  7 0 -22 -21.25
4 C0 1 0 8 0
0

0101000
+315 0 -313 0 *
Ve
1e-07
-21.25 -20.85 0.5
0 0

0101101
*
Ed
 1e-07 1 1 0
1  8 0 -9.902 -0.101999999999999
4 C0 1 0 9 0
0

0101000
+311 0 -313 0 *
Ve
1e-07
-22 -20.85 0.5
0 0

0101101
*
Ed
 1e-07 1 1 0
1  9 0 -4.3775130494081 -3.6275130494081
4 C0 1 0 10 0
0

0101000
+309 0 -311 0 *
Ed
 1e-07 1 1 0
1  10 0 -0.1 0
4 C0 1 0 7 0
0

0101000
+309 0 -325 0 *
Wi

0101100
-324 0 +322 0 +320 0 -318 0 +316 0 -314 0 +312 0 -310 0 -308 0 +307 0 
*
Fa
0  1e-07 1 0

0101000
+306 0 *
Ve
1e-07
-25 -20.85 0.4
0 0

0101101
*
Ve
1e-07
-25 -23.5369504831501 -4.97390096630006
0 0

0101101
*
Ed
 1e-07 1 1 0
1  11 0 -3.35410196624968 2.65410196624972
4 C0 11 0 2 0
0

0101000
+304 0 -303 0 *
Ve
1e-07
-25 -24.55 -5.6
0 0

0101101
*
Ed
 1e-07 1 1 0
1  12 0 -2.52574750550341 -1.33483637381061
4 C0 11 0 12 0
0

0101000
+301 0 -303 0 *
Ve
1e-07
-25 -28.15 -5.6
0 0

0101101
*
Ed
 1e-07 1 1 0
1  13 0 -0.550000000000004 3.05
4 C0 11 0 13 0
0

0101000
+301 0 -299 0 *
Ve
1e-07
-25 -29.16304951685 -4.97390096630006
0 0

0101101
*
Ed
 1e-07 1 1 0
1  14 0 -6.60887138559319 -5.41796025390031
4 C0 11 0 14 0
0

0101000
+299 0 -297 0 *
Ve
1e-07
-25 -31.85 0.4
0 0

0101101
*
Ed
 1e-07 1 1 0
1  15 0 -3.35410196624969 2.65410196624967
4 C0 11 0 15 0
0

0101000
+295 0 -297 0 *
Ve
1e-07
-25 -31.8399494936611 0.4
0 0

0101101
*
Ed
 1e-07 1 1 0
1  16 0 -0.500000000000004 -0.489949493661097
4 C0 11 0 16 0
0

0101000
+295 0 -293 0 *
Ve
1e-07
-25 -30.85 1.1
0 0

0101101
*
Ed
 1e-07 1 1 0
1  17 0 0.208227247263158 1.42066281256132
4 C0 11 0 17 0
0

0101000
+293 0 -291 0 *
Ve
1e-07
-25 -30.85 9.7
0 0

0101101
*
Ed
 1e-07 1 1 0
1  18 0 -4.3 4.3
4 C0 11 0 18 0
0

0101000
+289 0 -291 0 *
Ve
1e-07
-25 -31.8399494936611 10.4
0 0

0101101
*
Ed
 1e-07 1 1 0
1  19 0 0.208227247263133 1.42066281256129
4 C0 11 0 19 0
0

0101000
+287 0 -289 0 *
Ve
1e-07
-25 -31.85 10.4
0 0

0101101
*
Ed
 1e-07 1 1 0
1  20 0 -0.500000000000004 -0.489949493661097
4 C0 11 0 20 0
0

0101000
+285 0 -287 0 *
Ve
1e-07
-25 -29.16304951685 15.7739009663001
0 0

0101101
*
Ed
 1e-07 1 1 0
1  21 0 -3.35410196624969 2.6541019662497
4 C0 11 0 21 0
0

0101000
+285 0 -283 0 *
Ve
1e-07
-25 -28.15 16.4
0 0

0101101
*
Ed
 1e-07 1 1 0
1  22 0 -5.97799405105026 -4.7870829193574
4 C0 11 0 22 0
0

0101000
+281 0 -283 0 *
Ve
1e-07
-25 -24.55 16.4
0 0

0101101
*
Ed
 1e-07 1 1 0
1  23 0 -0.550000000000004 3.05
4 C0 11 0 23 0
0

0101000
+281 0 -279 0 *
Ve
1e-07
-25 -23.5369504831501 15.7739009663001
0 0

0101101
*
Ed
 1e-07 1 1 0
1  24 0 -1.89487017096052 -0.703959039267746
4 C0 11 0 24 0
0

0101000
+279 0 -277 0 *
Ve
1e-07
-25 -20.85 10.4
0 0

0101101
*
Ed
 1e-07 1 1 0
1  25 0 -3.35410196624968 2.65410196624975
4 C0 11 0 6 0
0

0101000
+275 0 -277 0 *
Ve
1e-07
-25 -20.860050506339 10.4
0 0

0101101
*
Ed
 1e-07 1 1 0
1  26 0 -0.5 -0.489949493661001
4 C0 11 0 25 0
0

0101000
+275 0 -273 0 *
Ve
1e-07
-25 -21.85 9.7
0 0

0101101
*
Ed
 1e-07 1 1 0
1  27 0 -1.42066281256113 -0.208227247263052
4 C0 11 0 5 0
0

0101000
+271 0 -273 0 *
Ve
1e-07
-25 -21.85 1.1
0 0

0101101
*
Ed
 1e-07 1 1 0
1  28 0 -4.3 4.3
4 C0 11 0 4 0
0

0101000
+271 0 -269 0 *
Ve
1e-07
-25 -20.860050506339 0.399999999999995
0 0

0101101
*
Ed
 1e-07 1 1 0
1  29 0 -1.42066281256116 -0.208227247263076
4 C0 11 0 3 0
0

0101000
+269 0 -267 0 *
Ed
 1e-07 1 1 0
1  30 0 -0.5 -0.489949493661001
4 C0 11 0 26 0
0

0101000
+304 0 -267 0 *
Wi

0101100
+302 0 -300 0 +298 0 +296 0 -294 0 +292 0 +290 0 -288 0 -286 0 -284 0 
+282 0 -280 0 +278 0 +276 0 -274 0 +272 0 -270 0 +268 0 +266 0 -265 0 
*
Ve
1e-05
-25 -26.35 15.05
0 0

0101101
*
Ed
 1e-07 1 1 0
1  31 0 0 6.28318530717959
2  1 27 0 0 6.28318530717959
4 C0 11 0 27 0
0

0101000
-263 0 +263 0 *
Wi

0101100
-262 0 *
Ve
1e-05
-25 -26.35 -0.95
0 0

0101101
*
Ed
 1e-07 1 1 0
1  32 0 0 6.28318530717959
2  2 28 0 0 6.28318530717959
4 C0 11 0 28 0
0

0101000
+260 0 -260 0 *
Wi

0101100
+259 0 *
Fa
0  1e-07 11 0

0101000
+264 0 +261 0 +258 0 *
Ve
1e-07
-22 -21.85 10.3
0 0

0101101
*
Ve
1e-07
-21.25 -21.85 10.3
0 0

0101101
*
Ed
 1e-07 1 1 0
1  33 0 -1 -0.25
4 C0 8 0 29 0
0

0101000
+256 0 -255 0 *
Ed
 1e-07 1 1 0
1  34 0 -0.5 0.5
4 C0 8 0 9 0
0

0101000
+255 0 -313 0 *
Ed
 1e-07 1 1 0
1  35 0 -4.95 -3.95
4 C0 8 0 7 0
0

0101000
+256 0 -315 0 *
Wi

0101100
+254 0 +253 0 -312 0 -252 0 *
Fa
0  1e-07 8 0

0101000
+251 0 *
Ve
1e-07
-22 -28.85 10.3
0 0

0101101
*
Ve
1e-07
-21.25 -28.85 10.3
0 0

0101101
*
Ed
 1e-07 1 1 0
1  36 0 -1 -0.25
4 C0 30 0 31 0
0

0101000
+249 0 -248 0 *
Ve
1e-07
-22 -29.85 10.3
0 0

0101101
*
Ed
 1e-07 1 1 0
1  37 0 -12.95 -11.95
4 C0 30 0 7 0
0

0101000
+246 0 -249 0 *
Ve
1e-07
-21.25 -29.85 10.3
0 0

0101101
*
Ed
 1e-07 1 1 0
1  38 0 -22 -21.25
4 C0 30 0 32 0
0

0101000
+246 0 -244 0 *
Ed
 1e-07 1 1 0
1  39 0 -0.5 0.5
4 C0 30 0 33 0
0

0101000
+244 0 -248 0 *
Wi

0101100
-247 0 -245 0 +243 0 +242 0 *
Fa
0  1e-07 30 0

0101000
+241 0 *
Ve
1e-07
-22 -22.85 10.3
0 0

0101101
*
Ve
1e-07
-21.25 -22.85 10.3
0 0

0101101
*
Ed
 1e-07 1 1 0
1  40 0 -1 -0.25
4 C0 34 0 35 0
0

0101000
+239 0 -238 0 *
Ve
1e-07
-22 -23.85 10.3
0 0

0101101
*
Ed
 1e-07 1 1 0
1  41 0 -6.95 -5.95
4 C0 34 0 7 0
0

0101000
+236 0 -239 0 *
Ve
1e-07
-21.25 -23.85 10.3
0 0

0101101
*
Ed
 1e-07 1 1 0
1  42 0 -1 -0.25
4 C0 34 0 36 0
0

0101000
+236 0 -234 0 *
Ed
 1e-07 1 1 0
1  43 0 -0.500000000000004 0.5
4 C0 34 0 37 0
0

0101000
+234 0 -238 0 *
Wi

0101100
-237 0 -235 0 +233 0 +232 0 *
Fa
0  1e-07 34 0

0101000
+231 0 *
Ve
1e-07
-22 -27.85 10.3
0 0

0101101
*
Ve
1e-07
-22 -26.85 10.3
0 0

0101101
*
Ed
 1e-07 1 1 0
1  44 0 -10.95 -9.95
4 C0 38 0 7 0
0

0101000
+229 0 -228 0 *
Ve
1e-07
-21.25 -27.85 10.3
0 0

0101101
*
Ed
 1e-07 1 1 0
1  45 0 -1 -0.25
4 C0 38 0 39 0
0

0101000
+229 0 -226 0 *
Ve
1e-07
-21.25 -26.85 10.3
0 0

0101101
*
Ed
 1e-07 1 1 0
1  46 0 -0.500000000000004 0.5
4 C0 38 0 40 0
0

0101000
+226 0 -224 0 *
Ed
 1e-07 1 1 0
1  47 0 -1 -0.25
4 C0 38 0 41 0
0

0101000
+228 0 -224 0 *
Wi

0101100
-227 0 +225 0 +223 0 -222 0 *
Fa
0  1e-07 38 0

0101000
+221 0 *
Ve
1e-07
-22 -27.85 0.5
0 0

0101101
*
Ve
1e-07
-21.25 -27.85 0.5
0 0

0101101
*
Ed
 1e-07 1 1 0
1  48 0 -1 -0.25
4 C0 42 0 39 0
0

0101000
+219 0 -218 0 *
Ve
1e-07
-22 -26.85 0.5
0 0

0101101
*
Ed
 1e-07 1 1 0
1  49 0 -5.1 -4.1
4 C0 42 0 7 0
0

0101000
+219 0 -216 0 *
Ve
1e-07
-21.25 -26.85 0.5
0 0

0101101
*
Ed
 1e-07 1 1 0
1  50 0 -1 -0.25
4 C0 42 0 41 0
0

0101000
+216 0 -214 0 *
Ed
 1e-07 1 1 0
1  51 0 -0.500000000000004 0.5
4 C0 42 0 40 0
0

0101000
+218 0 -214 0 *
Wi

0101100
-217 0 +215 0 +213 0 -212 0 *
Fa
0  1e-07 42 0

0101000
-211 0 *
Ve
1e-07
-22 -25.85 0.5
0 0

0101101
*
Ve
1e-07
-21.25 -25.85 0.5
0 0

0101101
*
Ed
 1e-07 1 1 0
1  52 0 -1 -0.25
4 C0 43 0 44 0
0

0101000
+209 0 -208 0 *
Ve
1e-07
-22 -24.85 0.5
0 0

0101101
*
Ed
 1e-07 1 1 0
1  53 0 -3.1 -2.1
4 C0 43 0 7 0
0

0101000
+209 0 -206 0 *
Ve
1e-07
-21.25 -24.85 0.5
0 0

0101101
*
Ed
 1e-07 1 1 0
1  54 0 -1 -0.25
4 C0 43 0 45 0
0

0101000
+206 0 -204 0 *
Ed
 1e-07 1 1 0
1  55 0 -0.5 0.5
4 C0 43 0 46 0
0

0101000
+208 0 -204 0 *
Wi

0101100
-207 0 +205 0 +203 0 -202 0 *
Fa
0  1e-07 43 0

0101000
-201 0 *
Ve
1e-07
-22 -23.85 0.5
0 0

0101101
*
Ve
1e-07
-21.25 -23.85 0.5
0 0

0101101
*
Ed
 1e-07 1 1 0
1  56 0 -1 -0.25
4 C0 47 0 36 0
0

0101000
+199 0 -198 0 *
Ve
1e-07
-22 -22.85 0.5
0 0

0101101
*
Ed
 1e-07 1 1 0
1  57 0 -1.1 -0.099999999999998
4 C0 47 0 7 0
0

0101000
+199 0 -196 0 *
Ve
1e-07
-21.25 -22.85 0.5
0 0

0101101
*
Ed
 1e-07 1 1 0
1  58 0 -1 -0.25
4 C0 47 0 35 0
0

0101000
+196 0 -194 0 *
Ed
 1e-07 1 1 0
1  59 0 -0.500000000000004 0.5
4 C0 47 0 37 0
0

0101000
+198 0 -194 0 *
Wi

0101100
-197 0 +195 0 +193 0 -192 0 *
Fa
0  1e-07 47 0

0101000
-191 0 *
Ve
1e-07
-22 -21.85 0.5
0 0

0101101
*
Ve
1e-07
-21.25 -21.85 0.5
0 0

0101101
*
Ed
 1e-07 1 1 0
1  60 0 -1 -0.25
4 C0 10 0 29 0
0

0101000
+189 0 -188 0 *
Ed
 1e-07 1 1 0
1  61 0 0.899999999999999 1.9
4 C0 10 0 7 0
0

0101000
+189 0 -309 0 *
Ed
 1e-07 1 1 0
1  62 0 -0.5 0.5
4 C0 10 0 9 0
0

0101000
+188 0 -311 0 *
Wi

0101100
-187 0 +186 0 +308 0 -185 0 *
Fa
0  1e-07 10 0

0101000
-184 0 *
Ve
1e-07
-21.25 -29.85 0.5
0 0

0101101
*
Ve
1e-07
-21.25 -28.85 0.5
0 0

0101101
*
Ed
 1e-07 1 1 0
1  63 0 -0.5 0.5
4 C0 48 0 33 0
0

0101000
+182 0 -181 0 *
Ve
1e-07
-22 -29.85 0.5
0 0

0101101
*
Ed
 1e-07 1 1 0
1  64 0 -4.3775130494081 -3.6275130494081
4 C0 48 0 32 0
0

0101000
+179 0 -182 0 *
Ve
1e-07
-22 -28.85 0.5
0 0

0101101
*
Ed
 1e-07 1 1 0
1  65 0 -7.1 -6.1
4 C0 48 0 7 0
0

0101000
+179 0 -177 0 *
Ed
 1e-07 1 1 0
1  66 0 -1 -0.25
4 C0 48 0 31 0
0

0101000
+177 0 -181 0 *
Wi

0101100
-180 0 -178 0 +176 0 +175 0 *
Fa
0  1e-07 48 0

0101000
-174 0 *
Ed
 1e-07 1 1 0
1  67 0 -9.902 -0.101999999999999
4 C0 32 0 33 0
0

0101000
+182 0 -244 0 *
Ed
 1e-07 1 1 0
1  68 0 0.101999999999999 9.902
4 C0 32 0 49 0
0

0101000
+246 0 -179 0 *
Wi

0101100
+172 0 -243 0 +171 0 +178 0 *
Fa
0  1e-07 32 0

0101000
+170 0 *
Ed
 1e-07 1 1 0
1  69 0 -9.902 -0.101999999999999
4 C0 7 0 39 0
0

0101000
+219 0 -229 0 *
Ed
 1e-07 1 1 0
1  70 0 -9.902 -0.101999999999999
4 C0 7 0 41 0
0

0101000
+216 0 -228 0 *
Wi

0101100
-215 0 +168 0 +227 0 -167 0 *
Ve
1e-07
-22 -25.85 10.3
0 0

0101101
*
Ed
 1e-07 1 1 0
1  71 0 -9.902 -0.101999999999999
4 C0 7 0 44 0
0

0101000
+209 0 -165 0 *
Ve
1e-07
-22 -24.85 10.3
0 0

0101101
*
Ed
 1e-07 1 1 0
1  72 0 -8.95 -7.95
4 C0 7 0 50 0
0

0101000
+165 0 -163 0 *
Ed
 1e-07 1 1 0
1  73 0 -9.902 -0.101999999999999
4 C0 7 0 45 0
0

0101000
+206 0 -163 0 *
Wi

0101100
-205 0 +164 0 +162 0 -161 0 *
Ed
 1e-07 1 1 0
1  74 0 -9.902 -0.101999999999999
4 C0 7 0 36 0
0

0101000
+199 0 -236 0 *
Ed
 1e-07 1 1 0
1  75 0 -9.902 -0.101999999999999
4 C0 7 0 35 0
0

0101000
+196 0 -239 0 *
Wi

0101100
-195 0 +159 0 +235 0 -158 0 *
Ve
1e-05
-22 -26.35 -0.95
0 0

0101101
*
Ed
 1e-07 1 1 0
1  76 0 0 6.28318530717959
2  3 28 0 0 6.28318530717959
4 C0 7 0 28 0
0

0101000
-156 0 +156 0 *
Wi

0101100
-155 0 *
Ve
1e-05
-22 -26.35 15.05
0 0

0101101
*
Ed
 1e-07 1 1 0
1  77 0 0 6.28318530717959
2  4 27 0 0 6.28318530717959
4 C0 7 0 27 0
0

0101000
+153 0 -153 0 *
Wi

0101100
+152 0 *
Ve
1e-07
-22 -24.55 -5.6
0 0

0101101
*
Ve
1e-07
-22 -28.15 -5.6
0 0

0101101
*
Ed
 1e-07 1 1 0
1  78 0 -0.550000000000004 3.05
4 C0 7 0 13 0
0

0101000
+150 0 -149 0 *
Ve
1e-07
-22 -23.5369504831501 -4.97390096630006
0 0

0101101
*
Ed
 1e-07 1 1 0
1  79 0 -1.19091113169279 -0
4 C0 7 0 12 0
0

0101000
+147 0 -150 0 *
Ed
 1e-07 1 1 0
1  80 0 -3.35410196624968 2.65410196624972
4 C0 7 0 2 0
0

0101000
+325 0 -147 0 *
Ed
 1e-07 1 1 0
1  81 0 -9.902 -0.101999999999999
4 C0 7 0 29 0
0

0101000
+189 0 -256 0 *
Ve
1e-07
-22 -23.5369504831501 15.7739009663001
0 0

0101101
*
Ed
 1e-07 1 1 0
1  82 0 -3.35410196624968 2.65410196624975
4 C0 7 0 6 0
0

0101000
+317 0 -143 0 *
Ve
1e-07
-22 -24.55 16.4
0 0

0101101
*
Ed
 1e-07 1 1 0
1  83 0 0 1.19091113169277
4 C0 7 0 24 0
0

0101000
+143 0 -141 0 *
Ve
1e-07
-22 -28.15 16.4
0 0

0101101
*
Ed
 1e-07 1 1 0
1  84 0 -0.550000000000004 3.05
4 C0 7 0 23 0
0

0101000
+139 0 -141 0 *
Ve
1e-07
-22 -29.16304951685 15.7739009663001
0 0

0101101
*
Ed
 1e-07 1 1 0
1  85 0 -1.19091113169286 0
4 C0 7 0 22 0
0

0101000
+137 0 -139 0 *
Ve
1e-07
-22 -29.85 14.4
0 0

0101101
*
Ed
 1e-07 1 1 0
1  86 0 1.11803398874989 2.6541019662497
4 C0 7 0 21 0
0

0101000
+135 0 -137 0 *
Ed
 1e-07 1 1 0
1  87 0 -14 -9.9
4 C0 7 0 49 0
0

0101000
+135 0 -246 0 *
Ed
 1e-07 1 1 0
1  88 0 -9.902 -0.101999999999999
4 C0 7 0 31 0
0

0101000
+177 0 -249 0 *
Ve
1e-07
-22 -29.85 -3.60000000000012
0 0

0101101
*
Ed
 1e-07 1 1 0
1  89 0 -0.1 4.00000000000012
4 C0 7 0 49 0
0

0101000
+179 0 -131 0 *
Ve
1e-07
-22 -29.16304951685 -4.97390096630006
0 0

0101101
*
Ed
 1e-07 1 1 0
1  90 0 1.11803398875 2.65410196624967
4 C0 7 0 15 0
0

0101000
+131 0 -129 0 *
Ed
 1e-07 1 1 0
1  91 0 0 1.19091113169288
4 C0 7 0 14 0
0

0101000
+129 0 -149 0 *
Wi

0101100
-148 0 -146 0 -145 0 -307 0 -186 0 +144 0 +252 0 +314 0 +142 0 +140 0 
-138 0 -136 0 -134 0 +133 0 +245 0 -132 0 -176 0 +130 0 +128 0 +127 0 
*
Fa
0  1e-07 7 0

0101000
-166 0 -160 0 -157 0 -154 0 -151 0 -126 0 *
Ed
 1e-07 1 1 0
1  92 0 -3 0
4 C0 6 0 24 0
0

0101000
+277 0 -143 0 *
Ed
 1e-07 1 1 0
1  93 0 0 0.010050506338899
4 C0 6 0 25 0
0

0101000
+275 0 -319 0 *
Wi

0101100
+274 0 +124 0 -142 0 -316 0 -123 0 *
Fa
0  1e-07 6 0

0101000
+122 0 *
Ed
 1e-07 1 1 0
1  94 0 -3 0
4 C0 2 0 12 0
0

0101000
+147 0 -303 0 *
Ed
 1e-07 1 1 0
1  95 0 0 0.0100505063388
4 C0 2 0 26 0
0

0101000
+304 0 -326 0 *
Wi

0101100
+145 0 +120 0 -302 0 +119 0 +324 0 *
Fa
0  1e-07 2 0

0101000
-118 0 *
Ed
 1e-07 1 1 0
1  96 0 0 3
4 C0 13 0 12 0
0

0101000
+301 0 -150 0 *
Ed
 1e-07 1 1 0
1  97 0 -3 0
4 C0 13 0 14 0
0

0101000
+149 0 -299 0 *
Wi

0101100
-298 0 +116 0 +148 0 +115 0 *
Fa
0  1e-07 13 0

0101000
-114 0 *
Ed
 1e-07 1 1 0
1  98 0 -3 0
4 C0 15 0 14 0
0

0101000
+297 0 -129 0 *
Ve
1e-07
-24.2050252531694 -32.0550252531694 0.810050506338835
0 0

0101101
*
Ed
 1e-07 1 1 0
1  99 0 -2.24536559755134 3.15582114266511
4 C0 15 0 49 0
0

0101000
+131 0 -111 0 *
Ve
1e-07
-24.9899494936612 -31.85 0.4
0 0

0101101
*
Ed
 1e-07 1 1 0
1  100 0 -0.642210737647299 0.266790271976751
4 C0 15 0 17 0
0

0101000
+111 0 -109 0 *
Ed
 1e-07 1 1 0
1  101 0 0 0.0100505063388
4 C0 15 0 16 0
0

0101000
+295 0 -109 0 *
Wi

0101100
+294 0 +112 0 -128 0 +110 0 +108 0 -107 0 *
Fa
0  1e-07 15 0

0101000
+106 0 *
Ed
 1e-07 1 1 0
1  102 0 -3 0
4 C0 21 0 22 0
0

0101000
+137 0 -283 0 *
Ve
1e-07
-24.9899494936612 -31.85 10.4
0 0

0101101
*
Ed
 1e-07 1 1 0
1  103 0 0 0.0100505063388
4 C0 21 0 20 0
0

0101000
+285 0 -103 0 *
Ve
1e-07
-24.2050252531694 -32.0550252531694 9.98994949366116
0 0

0101101
*
Ed
 1e-07 1 1 0
1  104 0 -2.60930526502254 -1.70030425539849
4 C0 21 0 19 0
0

0101000
+101 0 -103 0 *
Ed
 1e-07 1 1 0
1  105 0 1.45738453957654 6.8585712797929
4 C0 21 0 49 0
0

0101000
+101 0 -135 0 *
Wi

0101100
+134 0 +104 0 -282 0 +102 0 -100 0 +99 0 *
Fa
0  1e-07 21 0

0101000
-98 0 *
Ed
 1e-07 1 1 0
1  106 0 -3 0
4 C0 23 0 24 0
0

0101000
+141 0 -279 0 *
Ed
 1e-07 1 1 0
1  107 0 0 3
4 C0 23 0 22 0
0

0101000
+281 0 -139 0 *
Wi

0101100
+138 0 +96 0 -278 0 +95 0 *
Fa
0  1e-07 23 0

0101000
-94 0 *
Ed
 1e-05 1 1 0
1  108 0 0 3
3  5 6CN 27 0 0 3
0

0101000
+263 0 -153 0 *
Wi

0101100
-262 0 +92 0 +152 0 -92 0 *
Fa
0  1e-07 27 0

0101000
+91 0 *
Ed
 1e-05 1 1 0
1  109 0 0 3
3  7 8CN 28 0 0 3
0

0101000
+260 0 -156 0 *
Wi

0101100
+259 0 +89 0 -155 0 -89 0 *
Fa
0  1e-07 28 0

0101000
+88 0 *
Ve
1e-07
-21.25 -24.85 10.3
0 0

0101101
*
Ed
 1e-07 1 1 0
1  110 0 -1 -0.25
4 C0 50 0 45 0
0

0101000
+163 0 -86 0 *
Ve
1e-07
-21.25 -25.85 10.3
0 0

0101101
*
Ed
 1e-07 1 1 0
1  111 0 -1 -0.25
4 C0 50 0 44 0
0

0101000
+165 0 -84 0 *
Ed
 1e-07 1 1 0
1  112 0 -0.5 0.5
4 C0 50 0 46 0
0

0101000
+84 0 -86 0 *
Wi

0101100
-85 0 -162 0 +83 0 +82 0 *
Fa
0  1e-07 50 0

0101000
+81 0 *
Ed
 1e-07 1 1 0
1  113 0 -9.902 -0.101999999999999
4 C0 39 0 40 0
0

0101000
+218 0 -226 0 *
Wi

0101100
-225 0 -168 0 +217 0 +79 0 *
Fa
0  1e-07 39 0

0101000
-78 0 *
Ed
 1e-07 1 1 0
1  114 0 -9.902 -0.101999999999999
4 C0 31 0 33 0
0

0101000
+181 0 -248 0 *
Wi

0101100
-76 0 -175 0 +132 0 +247 0 *
Fa
0  1e-07 31 0

0101000
+75 0 *
Wi

0101100
-172 0 +180 0 +76 0 -242 0 *
Fa
0  1e-07 33 0

0101000
-73 0 *
Ed
 1e-07 1 1 0
1  115 0 -9.902 -0.101999999999999
4 C0 36 0 37 0
0

0101000
+198 0 -234 0 *
Wi

0101100
-233 0 -159 0 +197 0 +71 0 *
Fa
0  1e-07 36 0

0101000
-70 0 *
Ed
 1e-07 1 1 0
1  116 0 -9.902 -0.101999999999999
4 C0 44 0 46 0
0

0101000
+208 0 -84 0 *
Wi

0101100
-83 0 -164 0 +207 0 +68 0 *
Fa
0  1e-07 44 0

0101000
-67 0 *
Ed
 1e-07 1 1 0
1  117 0 -9.902 -0.101999999999999
4 C0 40 0 41 0
0

0101000
+214 0 -224 0 *
Wi

0101100
-79 0 +212 0 +65 0 -223 0 *
Fa
0  1e-07 40 0

0101000
-64 0 *
Wi

0101100
-65 0 -213 0 +167 0 +222 0 *
Fa
0  1e-07 41 0

0101000
+62 0 *
Ed
 1e-07 1 1 0
1  118 0 -9.902 -0.101999999999999
4 C0 46 0 45 0
0

0101000
+204 0 -86 0 *
Wi

0101100
-68 0 +202 0 +60 0 -82 0 *
Fa
0  1e-07 46 0

0101000
-59 0 *
Wi

0101100
-60 0 -203 0 +161 0 +85 0 *
Fa
0  1e-07 45 0

0101000
+57 0 *
Ed
 1e-07 1 1 0
1  119 0 -9.902 -0.101999999999999
4 C0 29 0 9 0
0

0101000
+188 0 -255 0 *
Wi

0101100
-254 0 -144 0 +187 0 +55 0 *
Fa
0  1e-07 29 0

0101000
-54 0 *
Ed
 1e-07 1 1 0
1  120 0 -9.902 -0.101999999999999
4 C0 37 0 35 0
0

0101000
+194 0 -238 0 *
Wi

0101100
-71 0 +192 0 +52 0 -232 0 *
Fa
0  1e-07 37 0

0101000
-51 0 *
Wi

0101100
-52 0 -193 0 +158 0 +237 0 *
Fa
0  1e-07 35 0

0101000
+49 0 *
Wi

0101100
-55 0 +185 0 +310 0 -253 0 *
Fa
0  1e-07 9 0

0101000
-47 0 *
Ve
1e-07
-24 -31.85 9.7
0 0

0101101
*
Ed
 1e-07 1 1 0
1  121 0 -0.989949493661181 -0.57989898732237
4 C0 49 0 19 0
0

0101000
+45 0 -101 0 *
Ve
1e-07
-24 -31.85 1.1
0 0

0101101
*
Ed
 1e-07 1 1 0
1  122 0 -9.3 -0.699999999999999
4 C0 49 0 18 0
0

0101000
+43 0 -45 0 *
Ed
 1e-07 1 1 0
1  123 0 -0.989949493661182 -0.579898987322367
4 C0 49 0 17 0
0

0101000
+43 0 -111 0 *
Wi

0101100
-99 0 -44 0 -42 0 +41 0 -110 0 -130 0 -171 0 -133 0 *
Fa
0  1e-07 49 0

0101000
+40 0 *
Ed
 1e-07 1 1 0
1  124 0 0.346446609406539 0.360660171779798
4 C0 25 0 5 0
0

0101000
+319 0 -273 0 *
Wi

0101100
+123 0 +38 0 -272 0 *
Fa
0  1e-07 25 0

0101000
+37 0 *
Ed
 1e-07 1 1 0
1  125 0 -0.714213562373071 -0.699999999999883
4 C0 26 0 3 0
0

0101000
+267 0 -326 0 *
Wi

0101100
+265 0 +35 0 -119 0 *
Fa
0  1e-07 26 0

0101000
-34 0 *
Ed
 1e-07 1 1 0
1  126 0 -0.714213562373144 -0.700000000000021
4 C0 20 0 19 0
0

0101000
+287 0 -103 0 *
Wi

0101100
+284 0 +32 0 -102 0 *
Fa
0  1e-07 20 0

0101000
-31 0 *
Ed
 1e-07 1 1 0
1  127 0 0.346446609406747 0.36066017177987
4 C0 16 0 17 0
0

0101000
+109 0 -293 0 *
Wi

0101100
+107 0 +29 0 -292 0 *
Fa
0  1e-07 16 0

0101000
+28 0 *
Ed
 1e-07 1 1 0
1  128 0 0 1.41421356237309
4 C0 4 0 3 0
0

0101000
+269 0 -323 0 *
Ed
 1e-07 1 1 0
1  129 0 -1.41421356237309 0
4 C0 4 0 5 0
0

0101000
+321 0 -271 0 *
Wi

0101100
-320 0 -26 0 -268 0 -25 0 *
Fa
0  1e-07 4 0

0101000
+24 0 *
Ed
 1e-07 1 1 0
1  130 0 -1.4142135623731 0
4 C0 18 0 19 0
0

0101000
+45 0 -289 0 *
Ed
 1e-07 1 1 0
1  131 0 -1.4142135623731 0
4 C0 18 0 17 0
0

0101000
+291 0 -43 0 *
Wi

0101100
+42 0 +22 0 +288 0 +21 0 *
Fa
0  1e-07 18 0

0101000
-20 0 *
Wi

0101100
+286 0 -22 0 +44 0 +100 0 -32 0 *
Fa
0  1e-07 19 0

0101000
+18 0 *
Wi

0101100
-41 0 -21 0 -290 0 -29 0 -108 0 *
Fa
0  1e-07 17 0

0101000
-16 0 *
Wi

0101100
-266 0 +26 0 -322 0 -35 0 *
Fa
0  1e-07 3 0

0101000
-14 0 *
Wi

0101100
+318 0 +25 0 +270 0 -38 0 *
Fa
0  1e-07 5 0

0101000
+12 0 *
Wi

0101100
+300 0 -120 0 +146 0 -116 0 *
Fa
0  1e-07 12 0

0101000
-10 0 *
Wi

0101100
-296 0 -115 0 -127 0 -112 0 *
Fa
0  1e-07 14 0

0101000
+8 0 *
Wi

0101100
-276 0 -96 0 -140 0 -124 0 *
Fa
0  1e-07 24 0

0101000
+6 0 *
Wi

0101100
+280 0 -104 0 +136 0 -95 0 *
Fa
0  1e-07 22 0

0101000
-4 0 *
Sh

0101100
+305 0 +257 0 +250 0 +240 0 +230 0 +220 0 -210 0 -200 0 -190 0 -183 0 
-173 0 +169 0 -125 0 +121 0 -117 0 -113 0 +105 0 -97 0 -93 0 -90 0 
-87 0 +80 0 -77 0 +74 0 -72 0 -69 0 -66 0 -63 0 +61 0 -58 0 
+56 0 -53 0 -50 0 +48 0 -46 0 +39 0 +36 0 -33 0 -30 0 +27 0 
+23 0 -19 0 +17 0 -15 0 -13 0 +11 0 -9 0 +7 0 +5 0 -3 0 
*
So

0100000
+2 0 *

+1 1 ]]>
      </Part>
      <ElementMap/>
    </Property>
    <Property name="TreeRank" type="App::PropertyInteger" status="2184">
      <Integer value="91"/>
    </Property>
    <Property name="Visibility" type="App::PropertyBool" status="648">
      <Bool value="true"/>
    </Property>
  </Properties>
</Object>
</Document>
