<?xml version='1.0' encoding='utf-8'?>
<!-- FreeCAD DocumentObject -->
<Document SchemaVersion="4" FileVersion="2">
<Object name="Solid057">
  <Properties Count="8" TransientCount="1">
    <_Property name="_ElementMapVersion" type="App::PropertyString" status="234881024"/>
    <Property name="ColoredElements" type="App::PropertyLinkSubHidden" status="218103808">
      <LinkSub value="" count="0">
      </LinkSub>
    </Property>
    <Property name="ExpressionEngine" type="App::PropertyExpressionEngine" status="67108864">
      <ExpressionEngine count="0"></ExpressionEngine>
    </Property>
    <Property name="Label" type="App::PropertyString" status="134217728">
      <String value="rapdio 实体模型"/>
    </Property>
    <Property name="Label2" type="App::PropertyString" status="128">
      <String value=""/>
    </Property>
    <Property name="Placement" type="App::PropertyPlacement" status="8388608">
      <PropertyPlacement Px="9.71e-14" Py="-3.747e-13" Pz="12.5" Q0="-1.131370849898476e-15" Q1="1.131370849898476e-15" Q2="-0.7071067811865477" Q3="0.7071067811865474" A="1.570796326794897" Ox="-1.6e-15" Oy="1.6e-15" Oz="-1"/>
    </Property>
    <Property name="Shape" type="Part::PropertyPartShape">
      <Part ElementMap="0.15.70200.4" brep="1">
<![CDATA[

CASCADE Topology V1, (c) Matra-Datavision
Locations 1
1
              0               1           3e-15         9.7e-14 
             -1               0              -0       -3.75e-13 
             -0          -3e-15               1            12.5 
Curve2ds 8
1 9.4247779607693865 2.0000000000000018 -1 0 
1 9.4247779607693847 2.0000000000000018 -1 0 
1 9.4247779607693793 3.5500000000000001e-15 -1 0 
1 9.4247779607693793 3.5500000000000001e-15 -1 0 
1 9.4247779607693865 0 0 1 
1 3.1415926535898007 0 0 1 
1 9.4247779607693847 0 0 1 
1 3.141592653589798 0 0 1 
Curves 6
2 -6.4951905283835503 3.75 15.5 -2.0000000000000001e-17 -3.2600000000000001e-15 1 0.866025403784355 0.500000000000145 1.64732050807616e-15 -0.500000000000145 0.866025403784355 2.8132428163369944e-15 0.82499999999999996
2 -6.4951905283835503 3.75 15.5 -2.0000000000000001e-17 -3.2600000000000001e-15 1 0.866025403784355 0.500000000000145 1.64732050807616e-15 -0.500000000000145 0.866025403784355 2.8132428163369944e-15 1.05
2 -6.4951905283835503 3.75 17.5 -2.0000000000000001e-17 -3.2600000000000001e-15 1 0.866025403784355 0.500000000000145 1.64732050807616e-15 -0.500000000000145 0.866025403784355 2.8132428163369944e-15 0.82499999999999996
2 -6.4951905283835503 3.75 17.5 -2.0000000000000001e-17 -3.2600000000000001e-15 1 0.866025403784355 0.500000000000145 1.64732050807616e-15 -0.500000000000145 0.866025403784355 2.8132428163369944e-15 1.05
7 0 0  1 2 2  -5.7807195702614544 4.1625000000001142 17.499999999999996  -5.7807195702614544 4.1625000000001204 15.499999999999998 
 3.5500000000000001e-15 2 2.0000000000000018 2
7 0 0  1 2 2  -5.5858638544099746 4.2750000000001478 17.499999999999996  -5.5858638544099746 4.275000000000154 15.499999999999998 
 3.5500000000000001e-15 2 2.0000000000000018 2
Polygon3D 0
PolygonOnTriangulations 0
Surfaces 4
1 -6.4951905283835503 3.75 15.5 -2.0000000000000001e-17 -3.2600000000000001e-15 1 0.866025403784355 0.500000000000145 1.64732050807616e-15 -0.500000000000145 0.866025403784355 2.8132428163369944e-15 
10 3.1415926535898007 9.4247779607693865 3.5500000000000001e-15 2.0000000000000018
2 -6.4951905283835503 3.75 17.5 2.0000000000000001e-17 3.2600000000000001e-15 -1 -0.866025403784355 -0.500000000000145 -1.64732050807616e-15 -0.500000000000145 0.866025403784355 2.8132428163369944e-15 0.82499999999999996
10 3.141592653589798 9.4247779607693847 3.5500000000000001e-15 2.0000000000000018
2 -6.4951905283835503 3.75 17.5 2.0000000000000001e-17 3.2600000000000001e-15 -1 -0.866025403784355 -0.500000000000145 -1.64732050807616e-15 -0.500000000000145 0.866025403784355 2.8132428163369944e-15 1.05
1 -6.4951905283835503 3.75 17.5 -2.0000000000000001e-17 -3.2600000000000001e-15 1 0.866025403784355 0.500000000000145 1.64732050807616e-15 -0.500000000000145 0.866025403784355 2.8132428163369944e-15 
Triangulations 0

TShapes 22
Ve
1e-05
-5.78071957026146 4.16250000000012 15.5
0 0

0101101
*
Ed
 1e-07 1 1 0
1  1 0 0 6.28318530717959
2  1 2 0 0 6.28318530717959
4 C0 1 0 2 0
0

0101000
+22 0 -22 0 *
Wi

0101100
+21 0 *
Ve
1e-05
-5.58586385440998 4.27500000000015 15.5
0 0

0101101
*
Ed
 1e-07 1 1 0
1  2 0 0 6.28318530717959
2  2 3 0 0 6.28318530717959
4 C0 1 0 3 0
0

0101000
+19 0 -19 0 *
Wi

0101100
-18 0 *
Fa
0  1e-07 1 0

0101000
-20 0 -17 0 *
Ve
1e-05
-5.78071957026146 4.16250000000012 17.5
0 0

0101101
*
Ed
 1e-07 1 1 0
1  3 0 0 6.28318530717959
2  3 2 0 0 6.28318530717959
4 C0 4 0 2 0
0

0101000
-15 0 +15 0 *
Wi

0101100
-14 0 *
Ve
1e-05
-5.58586385440998 4.27500000000015 17.5
0 0

0101101
*
Ed
 1e-07 1 1 0
1  4 0 0 6.28318530717959
2  4 3 0 0 6.28318530717959
4 C0 4 0 3 0
0

0101000
-12 0 +12 0 *
Wi

0101100
+11 0 *
Fa
0  1e-07 4 0

0101000
+13 0 +10 0 *
Ed
 1e-05 1 1 0
1  5 0 4e-15 2
3  5 6CN 2 0 4e-15 2
0

0101000
-22 0 +15 0 *
Wi

0101100
+21 0 -8 0 -14 0 +8 0 *
Fa
0  1e-07 2 0

0101000
+7 0 *
Ed
 1e-05 1 1 0
1  6 0 4e-15 2
3  7 8CN 3 0 4e-15 2
0

0101000
-19 0 +12 0 *
Wi

0101100
+18 0 -5 0 -11 0 +5 0 *
Fa
0  1e-07 3 0

0101000
+4 0 *
Sh

0101100
-16 0 +9 0 -6 0 +3 0 *
So

0100000
+2 0 *

+1 1 ]]>
      </Part>
      <ElementMap/>
    </Property>
    <Property name="TreeRank" type="App::PropertyInteger" status="2184">
      <Integer value="293"/>
    </Property>
    <Property name="Visibility" type="App::PropertyBool" status="648">
      <Bool value="false"/>
    </Property>
  </Properties>
</Object>
</Document>
