<?xml version='1.0' encoding='utf-8'?>
<!-- FreeCAD DocumentObject -->
<Document SchemaVersion="4" FileVersion="2">
<Object name="Solid002">
  <Properties Count="8" TransientCount="1">
    <_Property name="_ElementMapVersion" type="App::PropertyString" status="234881024"/>
    <Property name="ColoredElements" type="App::PropertyLinkSubHidden" status="218103808">
      <LinkSub value="" count="0">
      </LinkSub>
    </Property>
    <Property name="ExpressionEngine" type="App::PropertyExpressionEngine" status="67108864">
      <ExpressionEngine count="0"></ExpressionEngine>
    </Property>
    <Property name="Label" type="App::PropertyString" status="134217728">
      <String value="lj8_probe_mount"/>
    </Property>
    <Property name="Label2" type="App::PropertyString" status="128">
      <String value=""/>
    </Property>
    <Property name="Placement" type="App::PropertyPlacement" status="8388608">
      <PropertyPlacement Px="-25" Py="6.94999999999961" Pz="30.8" Q0="0" Q1="0" Q2="0" Q3="1" A="0" Ox="0" Oy="0" Oz="1"/>
    </Property>
    <Property name="Shape" type="Part::PropertyPartShape">
      <Part ElementMap="0.15.70200.4" brep="1">
<![CDATA[

CASCADE Topology V1, (c) Matra-Datavision
Locations 1
1
              1               0               0             -25 
              0               1               0 6.94999999999961 
              0               0               1            30.8 
Curve2ds 60
1 9.4247779607693793 0.0020000000000006701 -1 0 
1 6.2831853071795862 0 0 1 
1 0 0 0 1 
1 0 29.002000000000002 1 0 
1 3.1415926535897931 0.0020000000000006701 -1 0 
7 0 0  3 25 23  5.4529455213439206 16.118580753730932  5.4417249676930224 16.138423845050731  5.4192838603912286 16.178721243541801  5.3856221994385347 16.240930329333509  5.3519605384858453 16.304832502793047  5.3182988775331488 16.370355206641143  5.2846372165804603 16.437424245450355  5.2509755556277655 16.505963618764284  5.2173138946750761 16.5758956744465  5.1836522337223805 16.64714117864338  5.1499905727696929 16.7196194103838  5.1163289118169946 16.793248251742398  5.0826672508643052 16.867944281225945  5.0490055899116122 16.943622868196847  5.0153439289589192 17.020198268785069  4.9816822680062289 17.097583723027718  4.9480206070535351 17.175691553175778  4.914358946100843 17.254433263010501  4.8806972851481509 17.333719638192385  4.8470356241954589 17.413460847032557  4.813373963242765 17.493566543423285  4.7797123022900738 17.573945964904215  4.7460506413373817 17.654508051528797  4.723609534035587 17.7082770099769  4.7123889803846897 17.7351615074619 
 3.9718324394254596 4 4.0054941003781517 1 4.0391557613308438 1 4.0728174222835367 1 4.1064790832362288 1 4.1401407441889209 1 4.1738024051416129 1 4.2074640660943059 1 4.241125727046998 1 4.27478738799969 1 4.3084490489523821 1 4.3421107099050751 1 4.3757723708577672 1 4.4094340318104592 1 4.4430956927631513 1 4.4767573537158434 1 4.5104190146685363 1 4.5440806756212284 1 4.5777423365739205 1 4.6114039975266126 1 4.6450656584793055 1 4.6787273194319976 1 4.7123889803846897 4
1 5.4529455213439171 0 0 1 
7 0 0  3 25 23  4.7123889803846897 11.268838492538102  4.723609534035587 11.295722990023098  4.7460506413373817 11.349491948471204  4.7797123022900738 11.430054035095786  4.8133739632427659 11.510433456576706  4.847035624195458 11.590539152967439  4.8806972851481509 11.670280361807615  4.9143589461008403 11.749566736989486  4.9480206070535342 11.828308446824215  4.9816822680062263 11.906416276972283  5.0153439289589183 11.983801731214919  5.0490055899116095 12.060377131803149  5.0826672508643025 12.136055718774045  5.1163289118169946 12.210751748257591  5.1499905727696875 12.284380589616198  5.1836522337223769 12.35685882135661  5.2173138946750699 12.428104325553491  5.250975555627762 12.498036381235703  5.2846372165804567 12.566575754549641  5.3182988775331461 12.633644793358844  5.3519605384858391 12.699167497206947  5.3856221994385303 12.763069670666473  5.4192838603912241 12.825278756458193  5.4417249676930179 12.865576154949254  5.4529455213439153 12.885419246269056 
 4.7123889803846897 4 4.7460506413373817 1 4.7797123022900738 1 4.8133739632427659 1 4.847035624195458 1 4.88069728514815 1 4.9143589461008421 1 4.9480206070535342 1 4.9816822680062263 1 5.0153439289589183 1 5.0490055899116104 1 5.0826672508643025 1 5.1163289118169955 1 5.1499905727696875 1 5.1836522337223796 1 5.2173138946750717 1 5.2509755556277637 1 5.2846372165804558 1 5.3182988775331479 1 5.35196053848584 1 5.385622199438532 1 5.4192838603912241 1 5.4529455213439162 4
7 0 0  3 25 23  3.971832439425464 12.885419246269056  3.983052993076361 12.865576154949254  4.0054941003781561 12.825278756458188  4.0391557613308473 12.763069670666477  4.0728174222835403 12.699167497206945  4.1064790832362315 12.633644793358842  4.1401407441889244 12.566575754549641  4.1738024051416156 12.4980363812357  4.2074640660943095 12.428104325553489  4.2411257270470006 12.356858821356612  4.2747873879996945 12.2843805896162  4.3084490489523839 12.210751748257589  4.3421107099050769 12.136055718774051  4.375772370857768 12.060377131803147  4.409434031810461 11.983801731214925  4.443095692763154 11.906416276972287  4.476757353715846 11.828308446824218  4.5104190146685372 11.749566736989491  4.5440806756212302 11.670280361807617  4.5777423365739223 11.590539152967443  4.6114039975266135 11.510433456576708  4.6450656584793055 11.430054035095784  4.6787273194319985 11.349491948471211  4.7011684267337923 11.2957229900231  4.7123889803846897 11.268838492538102 
 0.83023978583567193 4 0.863901446788364 1 0.89756310774105597 1 0.93122476869374804 1 0.96488642964644 1 0.99854809059913208 1 1.032209751551824 1 1.0658714125045161 1 1.0995330734572082 1 1.1331947344099 1 1.1668563953625921 1 1.2005180563152842 1 1.2341797172679763 1 1.2678413782206683 1 1.3015030391733604 1 1.3351647001260523 1 1.3688263610787443 1 1.4024880220314364 1 1.4361496829841283 1 1.4698113439368203 1 1.5034730048895124 1 1.5371346658422045 1 1.5707963267948966 4
1 3.9718324394254632 0 0 1 
7 0 0  3 25 23  4.7123889803846897 17.7351615074619  4.7011684267337923 17.7082770099769  4.6787273194319976 17.654508051528797  4.6450656584793055 17.573945964904215  4.6114039975266143 17.493566543423299  4.5777423365739205 17.413460847032553  4.5440806756212284 17.333719638192385  4.5104190146685363 17.254433263010508  4.4767573537158425 17.175691553175781  4.443095692763154 17.097583723027718  4.4094340318104592 17.020198268785069  4.3757723708577672 16.943622868196847  4.3421107099050751 16.867944281225945  4.308449048952383 16.793248251742401  4.2747873879996909 16.719619410383807  4.2411257270469989 16.64714117864338  4.2074640660943086 16.575895674446514  4.1738024051416138 16.505963618764287  4.1401407441889209 16.437424245450355  4.1064790832362288 16.370355206641143  4.0728174222835358 16.304832502793047  4.0391557613308464 16.240930329333526  4.0054941003781517 16.178721243541801  3.9830529930763574 16.138423845050738  3.97183243942546 16.118580753730939 
 1.5707963267948966 4 1.6044579877475889 1 1.6381196487002812 1 1.6717813096529732 1 1.7054429706056655 1 1.7391046315583578 1 1.7727662925110501 1 1.8064279534637424 1 1.8400896144164345 1 1.8737512753691268 1 1.9074129363218191 1 1.9410745972745114 1 1.9747362582272037 1 2.0083979191798957 1 2.0420595801325883 1 2.0757212410852803 1 2.1093829020379724 1 2.1430445629906649 1 2.176706223943357 1 2.2103678848960495 1 2.2440295458487416 1 2.2776912068014337 1 2.3113528677541262 4
1 9.4247779607693793 0 -1 0 
1 6.2831853071795862 0 0 1 
1 0 0 0 1 
1 0 2 1 0 
1 3.1415926535897931 0 -1 0 
1 9.4247779607693793 0 -1 0 
1 6.2831853071795862 0 0 1 
1 0 0 0 1 
1 0 2 1 0 
1 3.1415926535897931 0 -1 0 
1 2.1333325713387477 0 0 1 
1 0 0 1 0 
7 0 0  3 25 23  6.2831853071795862 28  6.2831853071795862 27.575757575757578  6.2831853071795862 26.727272727272723  6.2831853071795845 25.45454545454546  6.2831853071795853 24.181818181818176  6.2831853071795853 22.90909090909091  6.2831853071795862 21.636363636363637  6.2831853071795853 20.363636363636363  6.2831853071795862 19.090909090909093  6.2831853071795862 17.81818181818182  6.2831853071795853 16.545454545454547  6.2831853071795871 15.272727272727273  6.2831853071795862 13.999999999999996  6.2831853071795862 12.727272727272727  6.2831853071795871 11.454545454545455  6.283185307179588 10.181818181818185  6.2831853071795871 8.9090909090909118  6.2831853071795853 7.6363636363636367  6.2831853071795871 6.3636363636363642  6.2831853071795889 5.0909090909090917  6.2831853071795871 3.8181818181818192  6.2831853071795871 2.5454545454545467  6.2831853071795889 1.2727272727272736  6.2831853071795871 0.42424242424242448  6.2831853071795862 0 
 -13.5 4 -12.227272727272727 1 -10.954545454545455 1 -9.6818181818181817 1 -8.4090909090909101 1 -7.1363636363636367 1 -5.8636363636363633 1 -4.5909090909090917 1 -3.3181818181818183 1 -2.045454545454545 1 -0.77272727272727337 1 0.5 1 1.7727272727272734 1 3.0454545454545467 1 4.3181818181818166 1 5.5909090909090899 1 6.8636363636363633 1 8.1363636363636367 1 9.4090909090909101 1 10.68181818181818 1 11.954545454545453 1 13.227272727272727 1 14.5 4
1 0 3 1 0 
1 0 1 1 0 
1 0 1 1 0 
1 0 0 1 0 
1 6.2831853071795862 0 0 1 
1 0 0 0 1 
1 0 0 1 0 
1 6.2831853071795862 0 0 1 
1 0 0 0 1 
7 0 0  3 25 23  6.2831853071795862 28  6.2799979378912063 27.999999995820236  6.2736231993144482 28.000182871146855  6.2640610914493076 28.001005755038317  6.2544989835841696 28.002377149349872  6.2449368757190307 28.004296924736273  6.2353747678538918 28.006764906725859  6.2258126599887529 28.009780869379171  6.2162505521236122 28.01334453701315  6.2066884442584751 28.01745558376987  6.1971263363933344 28.022113633768548  6.1875642285281982 28.027318261107272  6.1780021206630575 28.033068989910657  6.1684400127979151 28.039365294370977  6.1588779049327806 28.046206598797042  6.1493157970676391 28.053592277666006  6.139753689202502 28.061521655683006  6.1301915813373613 28.069994007834193  6.1206294734722233 28.079008559485192  6.1110673656070826 28.088564486332029  6.1015052577419464 28.098660914923965  6.0919431498768057 28.109296921073383  6.0823810420116677 28.120471536172783  6.076006303434907 28.128279661406353  6.072818934146528 28.13227315000044 
 3.1415926535897931 4 3.151154761454932 1 3.1607168693200713 1 3.1702789771852102 1 3.1798410850503491 1 3.189403192915488 1 3.1989653007806274 1 3.2085274086457662 1 3.2180895165109051 1 3.227651624376044 1 3.2372137322411834 1 3.2467758401063223 1 3.2563379479714611 1 3.2659000558366005 1 3.2754621637017394 1 3.2850242715668783 1 3.2945863794320172 1 3.3041484872971565 1 3.3137105951622954 1 3.3232727030274343 1 3.3328348108925736 1 3.3423969187577125 1 3.3519590266228514 4
1 6.0728189341465271 0 0 1 
1 0 0 1 0 
1 0 5 1 0 
7 0 0  3 25 23  1.4286233468423777 4.1576238238074801  1.4087855783266998 4.1458223213682466  1.3691100412953432 4.1172944753121996  1.3095967357483098 4.0599361723788396  1.2500834302012753 3.9881992972842877  1.1905701246542406 3.9023419097003811  1.1310568191072063 3.8026669260358266  1.0715435135601721 3.6895275654105677  1.0120302080131385 3.5633243523448894  0.95251690246610388 3.4245041665968179  0.89300359691906972 3.2735585354525019  0.83349029137203534 3.1110219269343671  0.7739769858250013 2.9374698483570962  0.71446368027796681 2.7535168109995878  0.6549503747309332 2.5598141535704038  0.59543706918389872 2.3570477362547604  0.535923763636864 2.1459355117111083  0.47641045808983062 1.9272249847242906  0.41689715254279586 1.701690558880931  0.3573838469957617 1.4701308190725757  0.2978705414487276 1.2333656124349073  0.23835723590169397 0.99223348670339673  0.17884393035465901 0.74758744749097761  0.13916839332330283 0.58272694324652341  0.11933062480762498 0.49999999999999289 
 0.14217297995251879 4 0.201686285499553 1 0.26119959104658719 1 0.3207128965936214 1 0.38022620214065561 1 0.43973950768768977 1 0.49925281323472404 1 0.55876611878175819 1 0.61827942432879246 1 0.67779272987582662 1 0.73730603542286077 1 0.79681934096989504 1 0.8563326465169292 1 0.91584595206396346 1 0.97535925761099762 1 1.034872563158032 1 1.094385868705066 1 1.1538991742521003 1 1.2134124797991346 1 1.2729257853461688 1 1.3324390908932029 1 1.3919523964402372 1 1.4514657019872714 4
1 -1.2e-16 0.5 1 0 
1 -1.2e-16 -6.2999999999999998e-16 1 0 
1 3.3519590266228514 0 0 1 
1 0 28.5 1 0 
1 3.1415926535897931 0.70710678118654624 -1 3.7e-16 
1 1.8455453567522502 0 0 1 
7 0 0  3 25 23  1.8455453567522491 6.3328603896479052  1.8392283566020995 6.3121323292416172  1.8265943563018006 6.2694928371901684  1.8076433558513518 6.2020078433530861  1.7886923554009029 6.1310209576266637  1.7697413549504544 6.0565577731829396  1.7507903545000059 5.9786450052528659  1.7318393540495562 5.897310641779395  1.712888353599108 5.8125838904281073  1.6939373531486595 5.7244951796030028  1.6749863526982112 5.633076144436056  1.6560353522477618 5.5383596162520643  1.6370843517973137 5.4403796105565139  1.618133351346865 5.3391713148796756  1.5991823508964156 5.2347710761205262  1.5802313504459673 5.1272163875104599  1.5612803499955181 5.0165458750995962  1.5423293495450701 4.902799284063029  1.5233783490946213 4.7860174637640815  1.5044273486441722 4.6662423555580812  1.4854763481937237 4.5435169684973777  1.4665253477432751 4.4178853983417152  1.4475743472928266 4.2893926831300178  1.4349403469925275 4.2018544056553964  1.4286233468423777 4.1576238238074943 
 0.32060577815747593 4 0.3395567786079246 1 0.35850777905837328 1 0.37745877950882195 1 0.39640977995927063 1 0.4153607804097193 1 0.43431178086016797 1 0.45326278131061665 1 0.47221378176106532 1 0.49116478221151399 1 0.51011578266196267 1 0.5290667831124114 1 0.54801778356286002 1 0.56696878401330864 1 0.58591978446375736 1 0.60487078491420609 1 0.62382178536465471 1 0.64277278581510333 1 0.66172378626555206 1 0.68067478671600079 1 0.69962578716644941 1 0.71857678761689803 1 0.73752778806734676 4
7 0 0  3 25 23  -0.4915765458275736 1.0540332874219771  -0.48761170707443924 1.0439176936258343  -0.47964849289661249 1.0240896371385126  -0.4676052030943767 0.99557331598542687  -0.45546552895409853 0.96829916304419406  -0.44323175515924529 0.94228346265042118  -0.43090629837974248 0.9175424026343475  -0.41849172561389381 0.8940920500184234  -0.40599074865178864 0.87194833938412297  -0.39340622430232219 0.851127057689266  -0.38074115241923234 0.83164382994846331  -0.36799867384159146 0.81351410466493301  -0.3551820676672568 0.79675313938549019  -0.3422947480045746 0.78137598635527084  -0.32934026015712536 0.76739747835911942  -0.31632227625364528 0.75483221480072593  -0.30324459031913609 0.74369454811138325  -0.29011111281470026 0.73399857045853434  -0.27692586458848556 0.72575810117136619  -0.26369297051463381 0.71898667363396185  -0.25041665187047979 0.71369752661138408  -0.23710122109964882 0.70990358177342061  -0.22375106547163881 0.70761747575809741  -0.21483080190643733 0.7071067532475851  -0.21036637303305827 0.70710678118655568 
 0 4 7.9566581899700005e-05 1 0.00015913316379941001 1 0.00023869974569911 1 0.00031826632759881 1 0.00039783290949851999 1 0.00047739949139822001 1 0.00055696607329792003 1 0.00063653265519762997 1 0.00071609923709733004 1 0.00079566581899703 1 0.00087523240089672997 1 0.00095479898279644002 1 0.0010343655646961401 1 0.0011139321465958401 1 0.00119349872849555 1 0.00127306531039525 1 0.0013526318922949499 1 0.0014321984741946601 1 0.00151176505609436 1 0.00159133163799406 1 0.0016708982198937699 1 0.0017504648017934699 4
1 0 -0.70710678118654746 1 -2e-16 
1 4.1498527358408337 0 0 1 
1 3.1415926535897931 -5.4e-16 -1 2.7e-16 
7 0 0  3 25 23  4.1498527358408328 6.6910655578114202  4.1210397713216897 6.6561714195567028  4.0634138422834072 6.5815663840996574  3.9769749487259829 6.4561532554213974  3.8905360551685577 6.3181417859996829  3.804097161611133 6.1685703436869517  3.7176582680537074 6.0085536845773335  3.6312193744962835 5.8392872203785808  3.5447804809388583 5.6620347184093607  3.4583415873814345 5.4781197690227135  3.371902693824008 5.2889156600871727  3.2854638002665841 5.0958351875027477  3.1990249067091594 4.9003200884400488  3.1125860131517356 4.7038302804227659  3.0261471195943086 4.5078329591312478  2.9397082260368852 4.3137916420135616  2.8532693324794605 4.12315524427295  2.7668304389220353 3.9373472440932078  2.6803915453646106 3.7577551120822186  2.5939526518071849 3.5857197322661221  2.5075137582497611 3.4225262059440769  2.4210748646923359 3.2693912094049127  2.3346359711349116 3.1274652782562651  2.2770100420966277 3.0410096164684881  2.2481970775774869 2.9999999999999929 
 0.56253624454385698 4 0.64897513810128182 1 0.73541403165870667 1 0.82185292521613151 1 0.90829181877355647 1 0.9947307123309812 1 1.0811696058884062 1 1.1676084994458309 1 1.2540473930032559 1 1.3404862865606808 1 1.4269251801181055 1 1.5133640736755303 1 1.5998029672329555 1 1.6862418607903802 1 1.7726807543478049 1 1.8591196479052297 1 1.9455585414626548 1 2.0319974350200796 1 2.1184363285775043 1 2.2048752221349295 1 2.2913141156923542 1 2.3777530092497789 1 2.4641919028072037 4
7 0 0  3 25 23  3.6639074753958223 -2.087e-14  3.6712702823722614 0.011019589675703439  3.6859958963251396 0.03348180726388722  3.7080843172544595 0.068427141379803449  3.7301727381837781 0.10460761333693351  3.7522611591130963 0.142005523448367  3.7743495800424154 0.18060263894261785  3.7964380009717331 0.22038012566964363  3.8185264219010522 0.26131857797245062  3.8406148428303717 0.30339802261274057  3.8627032637596894 0.34659793000040418  3.8847916846890089 0.3908972238115328  3.9068801056183267 0.43627429137782536  3.9289685265476462 0.4827069942020174  3.9510569474769635 0.53017267876776331  3.973145368406283 0.57864818758476688  3.9952337893356025 0.62810987050599265  4.0173222102649193 0.67853359619641129  4.0394106311942393 0.72989476416558496  4.0614990521235592 0.78216831580169432  4.0835874730528756 0.83532875020975161  4.1056758939821938 0.88935012317034012  4.1277643149115137 0.94420611011497912  4.1424899288643928 0.98131525749231008  4.1498527358408319 1.0000000000000022 
 3.6639074753958218 4 3.6859958963251405 1 3.7080843172544591 1 3.7301727381837777 1 3.7522611591130963 1 3.7743495800424149 1 3.7964380009717336 1 3.8185264219010522 1 3.8406148428303708 1 3.8627032637596894 1 3.8847916846890085 1 3.9068801056183267 1 3.9289685265476457 1 3.9510569474769643 1 3.973145368406283 1 3.9952337893356016 1 4.0173222102649202 1 4.0394106311942384 1 4.0614990521235574 1 4.0835874730528756 1 4.1056758939821947 1 4.1277643149115129 1 4.1498527358408319 4
7 0 0  3 25 23  0.11933062480762338 -1.8800000000000002e-15  0.11760001450144286 -0.0111340365429315  0.11413198136757069 -0.03336521114196922  0.10890940099947644 -0.066600734021950644  0.10366619683947194 -0.099724473608526834  0.09840227583948731 -0.13273588813536974  0.093117545017607786 -0.16563443749164894  0.087811911477179844 -0.19841958346185004  0.082485282418362005 -0.23109078967268581  0.077137565152056983 -0.26364752161842953  0.071768667113564888 -0.29608924666524888  0.066378495876675589 -0.32841543406108142  0.060966959168011182 -0.36062555494402299  0.055533964881678277 -0.39271908235105762  0.050079421094205857 -0.42469549122663819  0.044603236079800573 -0.45655425843132436  0.039105318325872801 -0.48829486275024725  0.03358557654896184 -0.51991678490195525  0.028043919710676511 -0.55141950754565949  0.022480257035013041 -0.58280251529449434  0.016894498022020459 -0.61406529470589133  0.01128655247662988 -0.6452073343575343  0.0056563304823793303 -0.67622812460347859  0.0018879385490174899 -0.69682748055043198  0 -0.7071067811865388 
 2.257208809795078 4 2.2612535831410132 1 2.265298356486948 1 2.2693431298328832 1 2.2733879031788184 1 2.2774326765247532 1 2.2814774498706885 1 2.2855222232166232 1 2.2895669965625585 1 2.2936117699084937 1 2.2976565432544285 1 2.3017013166003637 1 2.3057460899462989 1 2.3097908632922337 1 2.3138356366381689 1 2.3178804099841042 1 2.3219251833300389 1 2.3259699566759742 1 2.330014730021909 1 2.3340595033678442 1 2.3381042767137794 1 2.3421490500597142 1 2.3461938234056494 4
7 0 0  3 25 23  1.2960472968375427 0.70710678118655257  1.2942599088582476 0.69562438040849395  1.2906675212186798 0.67272021199024967  1.2852254401580421 0.63854942314691066  1.2797291959447064 0.60456764249449613  1.2741781215029722 0.57077848431218059  1.2685715479054149 0.53718560972416729  1.2629088044120014 0.50379273391296431  1.2571892189768548 0.4706036252272579  1.2514121186607783 0.43762210645767241  1.2455768301012213 0.40485205552594117  1.2396826800001666 0.37229740632393871  1.233728995641644 0.33996214950318199  1.2277151054368876 0.30785033326655314  1.221640339498717 0.27596606414566771  1.2155040302460334 0.2443135077677068  1.209305513038605 0.21289688960335695  1.2030441268455956 0.18172049571306106  1.1967192149390851 0.15078867342063623  1.1903301256488312 0.1201058321670769  1.18387621304697 0.089676443591986385  1.1773568380561859 0.059505044386326623  1.1707713681427148 0.029596228679178209  1.1663365776872299 0.0098351957930482292  1.1641079591335082 8.1600000000000001e-15 
 0 4 4.7098252328150001e-05 1 9.4196504656300002e-05 1 0.00014129475698445001 1 0.0001883930093126 1 0.00023549126164075 1 0.00028258951396890002 1 0.00032968776629705001 1 0.00037678601862520001 1 0.00042388427095335 1 0.0004709825232815 1 0.00051808077560963996 1 0.00056517902793778996 1 0.00061227728026593995 1 0.00065937553259408995 1 0.00070647378492224005 1 0.00075357203725039004 1 0.00080067028957854004 1 0.00084776854190669003 1 0.00089486679423484003 1 0.00094196504656299002 1 0.00098906329889114001 1 0.0010361615512192899 4
1 1.5707963267948966 3 1 0 
1 -4.7123889803846897 3 1 0 
1 6.2831853071795862 0 0 1 
1 0 0 0 1 
7 0 0  3 25 23  -1.1410966606434751 -6.2800000000000003e-15  -1.1421851029472361 0.038797005296619592  -1.1443372181346252 0.11639773276732242  -1.1474937891764814 0.23281841362079012  -1.1505815262356576 0.34925810750247599  -1.1536029827448706 0.46571629251307944  -1.1565605853565808 0.58219247866965507  -1.1594566230779701 0.69868621039534651  -1.1622932617626764 0.81519706253260471  -1.1650725508894313 0.93172463836433872  -1.1677964315720875 1.0482685673447576  -1.1704667434792091 1.1648285031330992  -1.1730852313528244 1.2814041217512553  -1.1756535510020933 1.3979951198949916  -1.1781732748602334 1.514601213374583  -1.1806458971294962 1.6312221356766654  -1.1830728385554483 1.7478576366355727  -1.1854554508479076 1.864507481207742  -1.1877950208254537 1.9811714483312313  -1.1900927741282343 2.0978493298977039  -1.1923498791975238 2.2145409296997687  -1.1945674490234204 2.3312460628334626  -1.1967465500841081 2.4479645537361989  -1.1981743056262868 2.525785677661609  -1.1988821087262647 2.564698411049414 
 0 4 0.00011776110414695 1 0.0002355222082939 1 0.00035328331244085999 1 0.00047104441658780998 1 0.00058880552073475997 1 0.00070656662488171001 1 0.00082432772902865995 1 0.00094208883317560999 1 0.0010598499373225699 1 0.0011776110414695199 1 0.00129537214561647 1 0.00141313324976342 1 0.0015308943539103701 1 0.0016486554580573301 1 0.0017664165622042799 1 0.00188417766635123 1 0.00200193877049818 1 0.0021196998746451298 1 0.0022374609787920801 1 0.0023552220829390399 1 0.0024729831870859901 1 0.00259074429123294 4
7 0 0  3 25 23  -1.1988821087262647 2.564698411049414  -1.1930426531062919 2.4950814161022623  -1.1810266854125961 2.3571260258421529  -1.161862128762376 2.1543959765899205  -1.1414299526271581 1.9562219678139521  -1.1195946678256652 1.7630068189921593  -1.0962146295795554 1.575270652602329  -1.0711496461447778 1.3933536228088466  -1.0442321295319648 1.2188167433017558  -1.0152811944771178 1.0544665928320265  -0.98414501316822633 0.90296791417601197  -0.95070468827161303 0.76715611332095512  -0.91488984932289608 0.64994601464896951  -0.87669102344695293 0.55436758783669182  -0.83660439517593499 0.48277755742896522  -0.79521797566972019 0.43725965826606089  -0.75319639814069372 0.41964108245188875  -0.71124446552073728 0.43127039630589181  -0.6701176946987637 0.4736690722268363  -0.63039489408374028 0.54553168689024867  -0.59241376692950976 0.64290803000918662  -0.55644786624705311 0.76228424349474211  -0.52267842083739602 0.89994959200916014  -0.5016797507563302 1.0014602899762037  -0.4915765458275736 1.0540332874219631 
 0 4 0.00024381698913164001 1 0.00048763397826326999 1 0.00073145096739490997 1 0.00097526795652654995 1 0.0012190849456581801 1 0.0014629019347898199 1 0.00170671892392146 1 0.0019505359130530899 1 0.0021943529021847298 1 0.0024381698913163701 1 0.002681986880448 1 0.0029258038695796399 1 0.0031696208587112802 1 0.0034134378478429201 1 0.00365725483697455 1 0.0039010718261061898 1 0.0041448888152378297 1 0.0043887058043694596 1 0.0046325227935010999 1 0.0048763397826327402 1 0.0051201567717643701 1 0.0053639737608960096 4
1 3.3519590266228545 -0.70710678118654313 -6.2999999999999998e-16 1 
Curves 127
2 -3 -22 4 0 0 1 1 0 -0 -0 1 0 4.1500000000000004
7 0 0  1 2 2  -7.1500000000000004 -22 4  -7.1500000000000004 -22 -25 
 0.0020000000000006701 2 29.002000000000002 2
2 -3 -22 -25 0 0 -1 -1 0 0 0 1 0 4.1500000000000004
3 -3 -22 -13.733161507461899 0.50000000000000033 3.0000000000000001e-17 0.86602540378443849 0.86602540378443849 4.9999999999999999e-17 -0.50000000000000033 -5.8301270189221932e-17 1 -9.8076211353313908e-19 4.7920072342738997 4.1500000000000004
1 -5.7999999999999998 -25.0630866784993 4.0020000000000007 0 0 -1 
3 -3 -22 -7.2668384925381 0.49999999999999989 3.0000000000000001e-17 -0.86602540378443882 -0.86602540378443882 -4.9999999999999999e-17 -0.49999999999999989 -5.8301270189221932e-17 1 9.8076211353317278e-19 4.79200723427389 4.1500000000000004
3 -3 -22 -7.2668384925381 -0.49999999999999989 -3.0000000000000001e-17 -0.86602540378443882 0.86602540378443882 4.9999999999999999e-17 -0.49999999999999989 5.8301270189221932e-17 -1 9.8076211353317278e-19 4.7920072342738997 4.1500000000000004
1 -0.20000000000000298 -25.0630866784993 4.0020000000000007 0 0 -1 
3 -3 -22 -13.733161507461899 -0.49999999999999989 -3.0000000000000001e-17 0.86602540378443882 -0.86602540378443882 -4.9999999999999999e-17 -0.49999999999999989 5.8301270189221932e-17 -1 -9.8076211353317278e-19 4.79200723427389 4.1500000000000004
1 0 -1.5e-16 -9 0 1 0 
1 0 -20.5 -23.949999999999999 0 -0.81923192051904004 -0.57346234436332899 
1 0 -0.066212331459442705 0.046083122190272698 0 0.57125134135473088 0.82077518541950378 
1 0 -10.112386559971501 -1.2150000000000001e-14 0 -1.2e-15 1 
2 3 3.5 9.9999999999999998e-17 1 0 0 0 0 -1 -0 1 0 1.6499999999999999
7 0 0  1 2 2  3 3.5 1.6499999999999999  1 3.5 1.6499999999999999 
 0 2 2 2
2 1 3.5 9.9999999999999998e-17 -1 0 0 0 0 1 0 1 -0 1.6499999999999999
2 3 -3.5 9.9999999999999998e-17 1 0 0 0 0 -1 -0 1 0 1.6499999999999999
7 0 0  1 2 2  3 -3.5 1.6499999999999999  1 -3.5 1.6499999999999999 
 0 2 2 2
2 1 -3.5 9.9999999999999998e-17 -1 0 0 0 0 1 0 1 -0 1.6499999999999999
1 3 8 0 0 0 1 
1 0 8 -2.9586888768532398 -1 0 0 
1 0 8 0 0 0 1 
1 3 8 2 1 0 0 
1 3 0 4 0 1 0 
1 0 6 4 -1 0 0 
1 0 0 4 0 1 0 
1 3 -9.9122844919100697 4 -1 0 0 
2 3 -12.449999999999999 5.5999999999999996 -1 0 0 0 0 1 0 1 -0 3
1 3 0 3 0 -1 0 
1 3 -22 -10.5 0 2.4e-16 -1 
1 3 -20.5 -23.949999999999999 0 -0.81923192051904004 -0.57346234436332899 
1 3 7.50577556285472 -3.9079237907218003 0 0.46181038080399983 0.88697867628351967 
1 3 5 5 0 -0.70710678118654757 0.70710678118654757 
1 0 -20.5 -23.949999999999999 0 -0.81923192051904004 -0.57346234436332899 
1 0 5 -3 0 6.0000000000000001e-17 1 
1 0 0 -3 0 -1 0 
1 0 -10.112386559971501 -1.2150000000000001e-14 0 -1.2e-15 1 
2 0 -12.449999999999999 5.5999999999999996 -1 0 0 0 0 1 0 1 -0 3
1 0 6 4 0 0.70710678118654757 -0.70710678118654757 
1 0 8 -2.9586888768532398 0 -0.46181038080399983 -0.88697867628351967 
2 0 3.5 2.7e-16 -1 0 0 0 0 1 0 1 -0 2.7999999999999998
2 0 -3.5 2.7e-16 -1 0 0 0 0 1 0 1 -0 2.7999999999999998
2 1 -3.5 2.7e-16 -1 0 0 0 0 1 0 1 -0 2.7999999999999998
7 0 0  1 2 2  1 -3.5 2.8000000000000003  0 -3.5 2.8000000000000003 
 0 2 1 2
2 1 3.5 2.7e-16 -1 0 0 0 0 1 0 1 -0 2.7999999999999998
7 0 0  1 2 2  1 3.5 2.8000000000000003  0 3.5 2.8000000000000003 
 0 2 1 2
3 -3 -22 9 -0.70710678118654757 0 -0.70710678118654757 -0.70710678118654757 0 0.70710678118654757 0 1 0 8.4852813742385695 6
1 2.8677268499995598 -23.252909260000202 -25 0 0 1 
2 -3 -22 -25 0 0 1 1 0 -0 -0 1 0 6
2 -3 -32 -10.5 0 -1 0 0 0 -1 1 0 0 1.6499999999999999
1 -5 -32 -20 1 0 0 
1 -1.42805587232982 -32 -20.560666068772001 0.58592957431025494 0 0.81036197711183577 
1 1 -32 -25 0 0 1 
1 4.2640620159279399 -32 -8.3117406301254491 0.58592957431025428 0 -0.81036197711183622 
1 -7 -32 -1 -1 0 0 
1 -10.2640620159279 -32 -8.3117406301254402 -0.58592957431025428 0 -0.81036197711183622 
1 -7 -32 -25 0 0 1 
1 -4.5719441276701795 -32 -20.560666068772001 -0.58592957431025494 0 0.81036197711183577 
1 3.1483364620938601 -21.938735434472299 2.8516635379061404 0.20440912714499793 0.95730549851112845 -0.20440912714499793 
1 -0.73585316685927604 -40.1294891497853 -11.9269129326058 -0.14929322563311503 -0.69918221258126212 -0.69918221258126312 
1 2.29125869996582 -25.952671924474402 -23.2499042927051 0.14929322563311503 0.69918221258126212 -0.69918221258126312 
1 1.9338634249997799 -27.626454630000097 -25 0.20881821000002909 0.97795447499992749 0 
3 -3 -22 -25 0 0.57346234436332899 -0.81923192051904004 0 0.81923192051904004 0.57346234436332899 1 -0 0 7.32393336944022 6
2 -3 -22 -24.5 0 0 1 1 0 -0 -0 1 0 6
1 -8.8677268499995705 -23.252909260000202 -25 0 0 1 
2 -3 -22 3.5 0 0 1 1 0 -0 -0 1 0 6
1 -4.6278323310836003 -16.225040095214599 -25 0 0 1 
3 -3 -22 -28.548824720144701 -0.48590171561255929 0.71736855710984149 -0.49928135959087827 -0.27999826113354387 0.41337978881061371 0.86643991364957562 0.82794957366192512 0.5608025530193641 3.3306690738754696e-16 12.017272194813199 6
1 -7.9338634249997799 -27.626454630000097 -24.5 0.20881821000002909 -0.97795447499992749 0 
1 -7.2920039561901602 -30.632463252731601 -18.570112964447901 0.14929322563311503 -0.69918221258126212 0.69918221258126312 
1 -8.3596314140022603 -25.632463252731601 2.5701129644479304 -0.14929322563311503 0.69918221258126212 0.69918221258126312 
7 0 0  3 4 2  -8.5058051897509497 -24.947890302312 3.2546859148675797  -8.6242116031040101 -24.393359728530601 3.4120475210654302  -8.744669467845009 -23.829221630266201 3.5  -8.8677268499995705 -23.252909260000202 3.5 
 0 4 0.0017504648017934699 4
2 -3 -22 -25 0 0 1 1 0 -0 -0 1 0 5.5
1 3 -22 -25 1 0 0 
1 1.6171574497233501 -25.321327421769201 -25 -0.6835806414347626 -0.72987499385554955 0 
1 -3 -27 -25 -1 0 0 
1 -7.6171574497233498 -25.321327421769201 -25 0.6835806414347626 -0.72987499385554955 0 
1 -8.214719680069889 -23.916698514968701 -25 -0.2088182100000289 0.97795447499992749 0 
1 1 -27 4 1 0 0 
1 0.49594619567514203 -26.077429012386197 4 0.68358064143476216 0.7298749938555501 0 
1 2 -22.8032229319215 4 0 1 0 
1 3 -14.9877155080899 4 -1 0 0 
1 0 -10.112386559971501 4 -0.603611883367974 -0.79727830414289302 0 
2 -3 -22 4 0 0 1 1 0 -0 -0 1 0 5.5
3 -1.76978508481899 -12.449999999999999 5.5999999999999996 0.79727830414289302 -0.603611883367974 0 -0.603611883367974 -0.79727830414289302 0 0 -0 -1 3.7628015015724299 3
3 0.39999999999999403 -12.449999999999999 5.5999999999999996 -0.70710678118654757 0 -0.70710678118654757 -0.70710678118654757 0 0.70710678118654757 0 1 0 4.2426406871192794 3
3 -3 -14.4509803921569 -19.7156862745098 0 0.57346234436332899 -0.81923192051904004 0 0.81923192051904004 0.57346234436332899 1 -0 0 13.1639325267716 7.7015404621540497
1 1.6996281890920402 -10.9759922441512 -17.283194570905799 0.52708254070016913 0.69619483275907712 0.48733638293135401 
1 1.9646464646464603 -1.94949494949496 -10.964646464646499 0.49746833816309188 -0.71066905451870088 -0.49746833816309088 
1 -1.3890909090909098 1.52727272727272 -8.5309090909090806 -0.31139957766460891 -0.77849894416152265 -0.54494926091306672 
1 3 7.14692468872666 -4.5971527178913201 1 0 0 
1 -2 -12.754078435533399 -25 0 0 -1 
1 -0.14672724373514801 -10.3061906438209 -8.8532727562648503 -0.51676764247265805 -0.68257044133664502 0.51676764247265805 
1 -5.21615639495346 -17.002125545075902 -19.211099425255 -0.52708254070016891 -0.69619483275907668 -0.48733638293135478 
7 0 0  3 4 2  -4.6278323310836003 -16.225040095214599 3.5  -4.8064566324225098 -16.460975278027099 3.6786243013389099  -4.9884890278768896 -16.701412028107502 3.8470003441444303  -5.1756348944357002 -16.948602885724199 4 
 0 4 0.0010361615512192899 4
1 3.5669453249248 -5.4010013172578795 0.56694532492479399 -0.51676764247265805 -0.68257044133664502 -0.51676764247265805 
1 -2 -7.5 -5 0 -1 0 
1 -2 -8.9999999999999996e-17 -6 0 -6.0000000000000001e-17 -1 
1 -2 -7.5 -7 0 -1 0 
1 -4.2727272727272796 -5.6818181818181799 -4.7272727272727302 0.34815531191139598 0.87038827977848898 -0.34815531191139598 
1 -1.51515151515152 1.2121212121212099 -4.51515151515152 0.34815531191139598 0.87038827977848898 0.34815531191139598 
1 -3 -30 -13.733161507461899 -6.0000000000000001e-17 1 0 
1 -1.6000000000000001 -30 -12.924871130596399 0.86602540378443871 4.9999999999999999e-17 0.49999999999999983 
1 -0.200000000000009 -30 -12.116580753730901 -6.0000000000000001e-17 1 0 
1 -0.200000000000008 -30 -10.5 3.8999999999999998e-16 0 1 
1 -0.20000000000000701 -30 -8.8834192462690496 -6.0000000000000001e-17 1 0 
1 -1.6000000000000001 -30 -8.0751288694035797 -0.86602540378443871 -4.9999999999999999e-17 0.49999999999999983 
1 -3 -30 -7.2668384925381 -6.0000000000000001e-17 1 0 
1 -4.4000000000000004 -30 -8.0751288694035797 -0.86602540378443871 -4.9999999999999999e-17 -0.49999999999999983 
1 -5.7999999999999998 -30 -8.8834192462690496 -6.0000000000000001e-17 1 0 
1 -5.7999999999999998 -30 -10.5 -5.4e-16 -0 -1 
1 -5.7999999999999998 -30 -12.116580753730901 -6.0000000000000001e-17 1 0 
1 -4.4000000000000004 -30 -12.924871130596399 0.86602540378443849 4.9999999999999999e-17 -0.50000000000000044 
2 -3 -30 -10.5 6.0000000000000001e-17 -1 0 1 6.0000000000000001e-17 0 -0 0 1 1.6499999999999999
7 0 0  1 2 2  -3.0000000000000004 -30 -12.15  -3.0000000000000004 -32 -12.15 
 3 2 5 2
1 -0.022908125869111 -27.317842502925199 -24.682157497074897 0.14929322563311503 0.69918221258126212 -0.69918221258126312 
1 -6.0900415226072102 -26.788867495539201 -25.211132504460799 0.14929322563311503 -0.69918221258126212 0.69918221258126312 
1 -1.1113167385245399 -32.415166502468594 -1.41516650246855 0.14929322563311503 0.69918221258126212 0.69918221258126312 
1 0.97792810328241009 -28.007771466203103 2.9922285337968302 -0.68662628093053113 0.51407409501720014 0.51407409501720103 
7 0 0  3 4 2  -5.2912878474778999 -27 4  -5.4229910091316897 -27.603539707543501 3.3964602924565099  -5.5438445118945197 -28.208175558264699 2.7918244417352898  -5.6577275327150005 -28.813515638151401 2.1864843618485899 
 0 4 0.00259074429123294 4
1 -5.0224140647951003 -31.788867495539197 -0.78886749553922608 0.14929322563311503 -0.69918221258126212 -0.69918221258126312 
1 6.1635936550060908 -23.6813434283726 -0.16359365500608999 -0.6921378089932001 -0.20467170474734703 0.6921378089932001 
1 -6.7678731671725698 -34.480066802569596 3.7333640733601596 0.68358064143476216 0.7298749938555501 -2.0000000000000001e-17 
1 -8.7594014574358106 -24.627556326550298 -24.3188859625951 0.71626457595515314 -0.26704752672726201 -0.64470976082314502 
7 0 0  3 7 5  -5.6577275327150005 -28.813515638151401 2.1864843618485899  -5.7781415071298197 -28.4759152525166 2.4572457944915702  -6.0421537830748093 -27.797207431443702 2.9712466186800999  -6.5826507903079401 -26.722263701968501 3.6161087118320099  -7.4555345753536599 -25.6548336275828 3.7915352259513799  -8.16164890821881 -25.1575060096872 3.4591485427762803  -8.5058051897509497 -24.947890302312 3.2546859148675997 
 0 4 0.001340993440224 1 0.002681986880448 1 0.0040229803206720104 1 0.0053639737608960096 4
1 1.4106474889057501 -23.670946300477699 4.5893525110942504 -0.50996399781430912 0.69272898154075724 0.50996399781430912 
1 -8.3787496124995986 -23.1485001550002 -25 -0.69151824096417813 -0.14765677232625804 0.70710678118654802 
Polygon3D 0
PolygonOnTriangulations 0
Surfaces 48
10 0 6.2831853071795862 0.0020000000000006701 29.002000000000002
2 -3 -22 4.0020000000000007 0 0 -1 -1 0 0 0 1 0 4.1500000000000004
1 -3 -22.8032229319215 4 0 0 1 1 0 -0 -0 1 0 
1 -3 -22.8032229319215 -25 0 0 1 1 0 -0 -0 1 0 
1 -4.4000000000000004 -30 -12.924871130596399 0.50000000000000033 3.0000000000000001e-17 0.86602540378443849 0.86602540378443849 0 -0.50000000000000033 -1.500000000000001e-17 1 -2.5980762113533154e-17 
1 -5.7999999999999998 -30 -10.5 1 6.0000000000000001e-17 -5.4e-16 -5.4e-16 0 -1 -6.0000000000000001e-17 1 3.2400000000000001e-32 
1 -4.4000000000000004 -30 -8.0751288694035797 0.49999999999999989 3.0000000000000001e-17 -0.86602540378443882 -0.86602540378443882 0 -0.49999999999999989 -1.4999999999999994e-17 1 2.598076211353316e-17 
1 -1.6000000000000001 -30 -8.0751288694035797 -0.49999999999999989 -3.0000000000000001e-17 -0.86602540378443882 -0.86602540378443882 0 0.49999999999999989 -1.4999999999999994e-17 1 -2.598076211353316e-17 
1 -0.200000000000008 -30 -10.5 -1 -6.0000000000000001e-17 3.8999999999999998e-16 3.8999999999999998e-16 0 1 -6.0000000000000001e-17 1 2.34e-32 
1 -1.6000000000000001 -30 -12.924871130596399 -0.49999999999999989 -3.0000000000000001e-17 0.86602540378443882 0.86602540378443882 0 0.49999999999999989 -1.4999999999999994e-17 1 2.598076211353316e-17 
1 0 0 0 1 0 0 -0 1 0 0 -0 1 
1 -2 -7.5 -7 -0.70710678118654702 0 -0.70710678118654802 0 1 0 0.70710678118654802 0 -0.70710678118654702 
1 3 -20.5 -23.949999999999999 0 0.57346234436332899 -0.81923192051904004 0 0.81923192051904004 0.57346234436332899 1 -0 0 
1 -3.1464417186315199 -17.376903995970398 -21.763832797179298 -0.48590171561255929 0.71736855710984149 -0.49928135959087827 -0.52708254070016869 -0.6961948327590769 -0.48733638293135501 -0.69719690049069116 0.026364902990630067 0.71639470533810345 
1 0 -10.112386559971501 -25 0.79727830414289302 -0.603611883367974 0 0 0 1 -0.603611883367974 -0.79727830414289302 0 
10 0 6.2831853071795862 0 2
2 3 3.5 9.9999999999999998e-17 -1 0 0 0 0 1 0 1 -0 1.6499999999999999
1 3 0 0 1 0 0 -0 1 0 0 -0 1 
1 1 0 0 -1 0 0 0 -1 0 0 0 1 
10 0 6.2831853071795862 0 2
2 3 -3.5 9.9999999999999998e-17 -1 0 0 0 0 1 0 1 -0 1.6499999999999999
1 1 0 0 -1 0 0 0 -1 0 0 0 1 
1 3 8 0 0 -1 0 0 0 -1 1 0 0 
1 3 8 -2.9586888768532398 0 0.88697867628351967 -0.46181038080399983 1 0 0 0 -0.46181038080399983 -0.88697867628351967 
1 0 0 0 1 0 0 -0 1 0 0 -0 1 
1 3 6 4 0 0.70710678118654757 0.70710678118654757 1 0 -0 -0 0.70710678118654757 -0.70710678118654757 
1 3 0 4 0 0 1 1 0 -0 -0 1 0 
2 3 -12.449999999999999 5.5999999999999996 -1 0 0 0 0 1 0 1 -0 3
1 2 -22.8032229319215 4 -0.70710678118654757 0 -0.70710678118654757 0 1 0 0.70710678118654757 0 -0.70710678118654757 
2 -3 -22 -25 0 0 1 1 0 -0 -0 1 0 6
1 -2 -8.9999999999999996e-17 -6 -0.92847669088525953 0.37139067635410322 -2.0000000000000001e-17 2.1201213547085779e-18 5.9151951458116573e-17 1 0.37139067635410322 0.92847669088525953 -5.5708601453115575e-17 
1 0 0 -3 0.70710678118654757 0 -0.70710678118654757 0 -1 0 -0.70710678118654757 -0 -0.70710678118654757 
10 0 6.2831853071795862 0 1
2 1 3.5 2.7e-16 -1 0 0 0 0 1 0 1 -0 2.7999999999999998
10 0 6.2831853071795862 0 1
2 1 -3.5 2.7e-16 -1 0 0 0 0 1 0 1 -0 2.7999999999999998
1 1.9338634249997799 -27.626454630000097 -25 0.97795447499992749 -0.20881821000002909 0 0.20881821000002909 0.97795447499992749 0 -0 0 1 
1 -5 -32 -25 0 1 0 0 -0 1 1 0 -0 
10 0 6.2831853071795862 3 5
2 -3 -27 -10.5 0 -1 0 0 0 -1 1 0 0 1.6499999999999999
1 -3 -27 -25 0 0.70710678118654802 0.70710678118654702 -1 0 0 0 -0.70710678118654702 0.70710678118654802 
